2.688675890205969754e+00
2.455898586996069000e+00
2.193336004823871477e+00
1.993765162993177631e+00
1.861396268551591460e+00
1.749679745190605429e+00
1.624993171784278490e+00
1.496106756077796085e+00
1.402232653960738373e+00
1.370873552731116218e+00
1.384569075239425961e+00
1.399105598437093700e+00
1.368793688945732834e+00
1.272883479876141255e+00
1.118931665292356659e+00
9.422617628063649775e-01
7.894118929268266749e-01
6.914688395978761948e-01
6.557841086179908574e-01
6.455112678685446248e-01
6.135306506664498505e-01
5.664807198432040281e-01
5.418230141520609111e-01
5.517661115333534205e-01
5.846957740888063526e-01
6.019650067614200628e-01
5.859033137759768195e-01
5.563796923457259291e-01
5.290046967511378151e-01
4.921120324807790047e-01
4.581450983000381338e-01
4.380620915089569745e-01
4.323194763847571509e-01
4.387674227875561495e-01
4.430670335220899259e-01
4.483808233839334245e-01
4.431790318986383870e-01
4.454183535740506850e-01
4.529526287731412970e-01
4.548146923124455898e-01
4.445492377820013385e-01
4.213875044564817096e-01
4.267331976276944605e-01
4.472430914228469057e-01
4.611433769810162064e-01
4.585936457571231917e-01
4.302650406374033398e-01
3.972587908041168570e-01
3.993236451595068570e-01
4.206786747529567272e-01
4.375451526311839312e-01
4.345131082696989666e-01
4.218647143442347258e-01
4.178624096938474697e-01
4.312645236145095096e-01
4.489729865074522097e-01
4.529804096776526845e-01
4.428056569395806275e-01
4.117651731699916717e-01
3.872428469207766510e-01
3.757284429085128719e-01
4.000412501644086127e-01
4.204026993237626186e-01
4.425183525081155533e-01
4.393210537949486238e-01
4.373276150576868027e-01
4.186570854850578116e-01
4.085802654162355996e-01
4.253248702791483926e-01
4.558327786792605862e-01
4.613990106569995087e-01
4.414382808526724489e-01
4.183069627502536969e-01
4.121376047820366484e-01
4.185478607997987210e-01
4.184922265743021841e-01
4.140209772432825175e-01
4.219843155020329695e-01
4.214296345544431555e-01
4.235774522639554895e-01
4.327837502567236094e-01
4.343773986336374460e-01
4.338736547279056777e-01
4.475532680010592124e-01
4.485758088143256272e-01
4.381853255262723734e-01
4.474152303863854763e-01
4.421862906439116836e-01
4.404882101769351244e-01
4.396358888236353013e-01
4.296462519799021385e-01
4.352265266206000183e-01
4.594075772777055922e-01
4.730749067830049004e-01
4.725917736221489918e-01
4.713188373851508461e-01
4.660052316162222596e-01
4.542183353465700235e-01
4.594872160897899849e-01
4.759501399302838998e-01
