2.715631829712980227e+00
2.645741923978397470e+00
2.566579610654707633e+00
2.488335587838227170e+00
2.414349859116729391e+00
2.346789372626464143e+00
2.284897045749149314e+00
2.226796885137838355e+00
2.173864183387820948e+00
2.124597364110615061e+00
2.078582304954486037e+00
2.035785948803157996e+00
1.994127603207473287e+00
1.955497222963977322e+00
1.920150589765444504e+00
1.886216750823177968e+00
1.854281362221140261e+00
1.823462220207525686e+00
1.794509751773068151e+00
1.766432135061358988e+00
1.740657433196218129e+00
1.715382010460648310e+00
1.690554963669146593e+00
1.666374228890005860e+00
1.641852502608982078e+00
1.618999250642594534e+00
1.597006016738144130e+00
1.575865224528843145e+00
1.554961564583928757e+00
1.533981938822225555e+00
1.513168567419225674e+00
1.494208269242442100e+00
1.476188770962408414e+00
1.457174664307142375e+00
1.439812673045074209e+00
1.422597508141269618e+00
1.404665962564681125e+00
1.386950621461422228e+00
1.370198282782141286e+00
1.353377622810961523e+00
1.337625471681003875e+00
1.321576923471743603e+00
1.306424956500998658e+00
1.291403063043837784e+00
1.275737762932842356e+00
1.261012056906731127e+00
1.246522999544955823e+00
1.233345916180885737e+00
1.219797652207240901e+00
1.206142974812366653e+00
1.192056647239348788e+00
1.177569032852122000e+00
1.163993258389951047e+00
1.151344194775834273e+00
1.139556225093508512e+00
1.127508568172061576e+00
1.115554139953525370e+00
1.105303586482276446e+00
1.094776924571991605e+00
1.083224456702475358e+00
1.070179761109315342e+00
1.059572537037285489e+00
1.050202064968652316e+00
1.038982117609550171e+00
1.027340745431813529e+00
1.015193483608073155e+00
1.003621873202969139e+00
9.929229416700684485e-01
9.829796445552103634e-01
9.719575077131410445e-01
9.629736607866746789e-01
9.534715445591883665e-01
9.427453159762919643e-01
9.321509494378318328e-01
9.225161363530408609e-01
9.134184664179235691e-01
9.038240168341746816e-01
8.965315002083119600e-01
8.894893618001117330e-01
8.826013638206018364e-01
8.747515992535277451e-01
8.667748646155577497e-01
8.576504012094130491e-01
8.500315994420774013e-01
8.432119711811451035e-01
8.334468796033940308e-01
8.228440409966902847e-01
8.153232773556428059e-01
8.084162737309463775e-01
8.006997570377574203e-01
7.923848878687472785e-01
7.865405575261352755e-01
7.793038964470493379e-01
7.734287113795307311e-01
7.678843620408610793e-01
7.638638986347333626e-01
7.609162158882114557e-01
7.535652578769831411e-01
7.473478234135627618e-01
7.390965949570691418e-01
