2.346112447536611967e+00
1.960520577271155362e+00
1.717683460928039585e+00
1.613327231747358814e+00
1.543982941572446643e+00
1.474956623797563315e+00
1.404583355630809383e+00
1.343815440431875174e+00
1.267375297523077871e+00
1.196485152277122710e+00
1.131950286752116286e+00
1.064096348420682236e+00
9.949430508418179997e-01
9.430828994987990876e-01
8.783095513826489897e-01
8.282013746725034320e-01
7.893399494927533233e-01
7.432372061414354025e-01
7.273492130501942876e-01
6.731402656297708065e-01
6.406400050290002035e-01
6.102761377198863135e-01
5.995488070129596503e-01
5.460280952744130945e-01
5.340180653544251976e-01
5.318270605031474307e-01
4.958171922810604704e-01
4.764067623880772206e-01
4.684364492771826427e-01
4.625351956164779343e-01
4.530864426256344113e-01
4.438999913528696162e-01
4.406185693041873574e-01
4.157104434256412850e-01
3.969254277023375743e-01
3.913637635979354545e-01
3.860139707601865089e-01
4.053999802955645104e-01
3.718776247847124794e-01
3.730144619305823528e-01
3.853185297952994581e-01
3.678084026472454027e-01
3.564894967174607188e-01
3.930242548913801537e-01
3.688507429945822036e-01
3.439786645784587704e-01
3.471335303193602284e-01
3.571759168201241175e-01
3.468431992007358633e-01
3.513722803033507147e-01
3.349978973836632568e-01
3.294687302726274081e-01
3.519253623781855578e-01
3.625924928065382691e-01
3.400746586195653176e-01
3.398974073738291191e-01
3.321006235245523852e-01
3.194007178137100444e-01
3.305351173900002437e-01
3.559020960871417394e-01
3.722849991988629870e-01
3.614135893451255188e-01
3.442388175641337145e-01
3.444667089679170346e-01
3.598868739067916933e-01
3.701288246002484850e-01
3.480956255977878944e-01
3.357995249177950781e-01
3.493353133546430178e-01
3.304963462068106206e-01
3.206750664448873023e-01
3.189531936393716349e-01
3.403989817668885975e-01
3.534615200090281406e-01
3.435557935055907341e-01
3.421106053498623734e-01
3.366949819477788597e-01
3.661082809454729858e-01
3.286910418548508739e-01
3.240980214422117256e-01
3.564152127529930936e-01
3.460618474895921781e-01
3.452669968494321839e-01
3.301687923950240577e-01
3.180664807225174751e-01
3.710007155006909141e-01
3.371800336271463805e-01
3.644143838529578239e-01
3.082416738335927997e-01
3.305532770858304326e-01
3.336578904852721128e-01
3.240097670018421416e-01
3.440197914997293882e-01
3.143833095188912630e-01
3.244571111177381728e-01
3.577689588055901204e-01
3.233758486140596022e-01
3.480199439880983237e-01
3.556448828489148783e-01
3.268938856107360680e-01
