2.561429580710039122e+00
2.354591124533399249e+00
2.125680483465744341e+00
1.880916930866380010e+00
1.597157706129670229e+00
1.335915002182910039e+00
1.074239814891619238e+00
8.130803012680649644e-01
6.283601721759540792e-01
4.786470297167269017e-01
3.779928445978445462e-01
3.200365993384839403e-01
3.097373759805244209e-01
2.976764016084328390e-01
3.053353527864742234e-01
3.148001288739998849e-01
3.012470857393502177e-01
3.010398237870998139e-01
3.022835807452004531e-01
3.056017218533992330e-01
3.080814290583335779e-01
2.943296110265000709e-01
3.002686106655013676e-01
2.879262744392766527e-01
2.927804245330786759e-01
2.975277446864076913e-01
2.905275889851950955e-01
2.908318443439644185e-01
2.821656437419686747e-01
2.920650849424618611e-01
2.982229066478875867e-01
2.812571602520627101e-01
2.758996917326968501e-01
2.756603319449569822e-01
2.779807263951791785e-01
2.799551283482459296e-01
2.836470466736667473e-01
2.999226025069895996e-01
2.921839308482754860e-01
2.808435462096817714e-01
2.607853495096431606e-01
2.662602259864855214e-01
2.683285097546790898e-01
2.698464050838177974e-01
2.764262888153492526e-01
2.838219032616315918e-01
2.789069060745842377e-01
2.834027134564640615e-01
2.855710261258276317e-01
3.163231143638453591e-01
2.985857954478725595e-01
2.933958762720325630e-01
2.787596641111458884e-01
2.689335093264452192e-01
2.733850271662933706e-01
2.815762500909960164e-01
2.799618351967826935e-01
2.803225949238495329e-01
2.712683063368203085e-01
3.019887495521341725e-01
2.869148148862395442e-01
2.921260645189107663e-01
2.929604791181718570e-01
2.881104087466859753e-01
2.815612397059133465e-01
2.863165049639587179e-01
2.721889221400581871e-01
2.717804247044497967e-01
2.645020602898504603e-01
2.951137755565369503e-01
3.012951242377636119e-01
3.037174852968759220e-01
2.768542903805619737e-01
2.890424127382886788e-01
2.803085904881756352e-01
2.859145140650452555e-01
2.969269067225134284e-01
2.782168482243733143e-01
2.809563646572668660e-01
2.782018628306621166e-01
2.738018572480560575e-01
2.762517414398482640e-01
2.871393387944595199e-01
2.970400723480836058e-01
2.816101237472954932e-01
2.795963983367767969e-01
2.827618160481168985e-01
2.941710895031288131e-01
2.855104975070552609e-01
2.984671153605675809e-01
3.103247572658238695e-01
3.034167179760609567e-01
2.745744507139492585e-01
3.047491098485854422e-01
3.053449678854355809e-01
3.049162226972815803e-01
2.921841465565759854e-01
3.073469955227528527e-01
2.879639068493860532e-01
2.776594509418191525e-01
