1.276340086193052670e-01
1.229062802628656387e-01
1.191567157165280000e-01
1.154971165693725044e-01
1.112224439639684648e-01
1.071774643298843976e-01
1.036189961725607345e-01
1.004275707488125335e-01
9.767566074047287494e-02
9.451701121526710769e-02
9.165984062886257944e-02
8.880119698369211279e-02
8.592455979360004437e-02
8.279302164380369922e-02
7.954739507797137232e-02
7.726001211623817477e-02
7.460660250179730613e-02
7.265562243027788580e-02
6.930773760523974147e-02
6.683871850275160953e-02
6.478804171213507768e-02
6.303694821121581804e-02
6.144406261443029899e-02
5.959941575362651123e-02
5.705563782155097935e-02
5.527813523001715024e-02
5.406616218157867665e-02
5.254274273297186021e-02
5.069928068810696659e-02
4.933676627049441571e-02
4.796609445820360085e-02
4.650434685358486447e-02
4.532436747963118628e-02
4.385857840752020731e-02
4.253936506897715991e-02
4.139481106990416243e-02
4.003808784937308574e-02
3.894042283879828314e-02
3.758152543521869893e-02
3.626057008906604512e-02
3.476239322136947391e-02
3.397568872360205022e-02
3.263922372393290861e-02
3.175090354814303489e-02
3.078698362881900075e-02
3.003098691460099473e-02
2.931573780836750631e-02
2.826206904047887103e-02
2.754950249879398530e-02
2.720976336087823494e-02
2.612934670482621596e-02
2.572897644417938834e-02
2.526465995639805631e-02
2.496581973465585025e-02
2.420539781104658061e-02
2.366663595667918563e-02
2.314358615695245869e-02
2.250668021720905049e-02
2.205116615989947265e-02
2.147849912520856039e-02
2.125511269046627405e-02
2.115631260955171816e-02
2.027223884582784671e-02
1.978139054078892692e-02
1.971325457618088375e-02
1.945299265329967359e-02
1.905222184278180034e-02
1.915281705750208202e-02
1.847257895778871284e-02
1.833453351938649570e-02
1.773239903728505290e-02
1.716075938446824656e-02
1.664105540041401626e-02
1.599020191560657222e-02
1.577653058653059534e-02
1.533737581471149823e-02
1.466911404755211028e-02
1.466716769439899669e-02
1.455859897227589073e-02
1.463531052232403852e-02
1.438287570430925658e-02
1.412670235630403281e-02
1.415973651248593479e-02
1.381358613608188284e-02
1.363017055402345606e-02
1.353297252583158736e-02
1.323106686002836069e-02
1.292495037703037322e-02
1.321266892563844296e-02
1.303432836127784919e-02
1.280591387715994747e-02
1.245875822796696335e-02
1.246348125931449197e-02
1.239507719804079817e-02
1.248288539213463291e-02
1.265618430431514341e-02
1.212821540880519924e-02
1.193686661442756002e-02
1.183568062830232283e-02
1.222810995836257422e-02
1.234186018833771659e-02
1.200892920787737655e-02
1.243266207499729020e-02
1.237494123792412699e-02
1.248214325372333684e-02
1.247547891146653758e-02
1.259164479785890127e-02
1.242612589912609269e-02
1.255419164214923236e-02
1.222078125507116038e-02
1.234445396650726660e-02
1.238329446436278215e-02
1.241543673231618877e-02
1.273409028499553237e-02
1.318439431686195540e-02
1.305182976946508804e-02
1.279216370575268422e-02
1.258089695419924159e-02
1.313529120498472917e-02
1.313773558879569210e-02
1.301945874990175119e-02
1.280159878168604139e-02
1.332470338808994931e-02
1.280075301442693339e-02
1.296890878454239233e-02
1.308764322190904446e-02
1.306259428546868891e-02
1.307852000698714670e-02
1.337117967134650656e-02
1.368905404157772128e-02
1.365790340692280003e-02
1.358525196383885206e-02
1.362516983595849114e-02
1.321267568548146684e-02
1.304735767804393425e-02
1.308645441092423124e-02
1.286615773702765031e-02
1.288894034684522939e-02
1.278605966522189559e-02
1.276200457665386742e-02
1.281280969629067928e-02
1.246164651291049863e-02
1.258319129420080312e-02
1.255195303073757332e-02
1.292508986961219894e-02
1.278666581739088676e-02
1.297931803244635474e-02
1.327194443398624184e-02
1.310168976803050174e-02
1.258625430947341549e-02
1.217893263241137149e-02
1.241458390099351924e-02
1.179689067301878044e-02
1.200714193322091963e-02
1.223729903607882578e-02
1.202557277354975376e-02
1.199946016398095727e-02
1.179654591010953490e-02
1.207811022951182922e-02
1.254352325100384011e-02
1.229374626250834442e-02
1.256161681976060082e-02
1.241450666062965391e-02
1.243710682284045882e-02
1.206830403724512037e-02
1.170605513082643122e-02
1.167250908640178088e-02
1.161161884959958750e-02
1.176058410292735341e-02
1.191629922493262980e-02
1.267514785344049308e-02
1.254798750963180207e-02
1.261658899610358826e-02
1.252742448306459061e-02
1.243360165142200213e-02
1.232655535567012302e-02
1.180886096356005034e-02
1.175966404247410883e-02
1.127501617301958012e-02
1.141761785553707664e-02
1.153434549051766955e-02
1.136677590074257338e-02
1.110792200096390528e-02
1.138357993216225494e-02
1.105943618107772114e-02
1.078631172555514703e-02
1.084975476114809906e-02
1.095954104308422168e-02
1.074661235831523773e-02
1.110595220434788810e-02
1.125410905358501315e-02
1.173337838501549088e-02
1.168955684126638146e-02
1.120866322528685927e-02
1.121698993843951372e-02
1.151293441335474524e-02
1.173393735553965832e-02
1.173282016247239289e-02
1.190375498842755238e-02
1.202526503429344334e-02
1.232190464349758839e-02
1.234634549833727585e-02
1.242309621733689827e-02
1.204658074279060451e-02
1.150725765678015794e-02
1.130432053931374609e-02
1.159690854181969454e-02
1.207631197655795359e-02
1.168826181572159631e-02
1.183129154741753217e-02
1.211522804467261676e-02
1.231338131373851778e-02
1.270004245022703614e-02
1.294955091665176902e-02
1.293924159211292703e-02
1.323769202654188556e-02
1.331290942195042896e-02
1.302076530727453059e-02
1.251496376094332966e-02
1.247933208836670381e-02
1.213572049463744126e-02
1.194363251170550873e-02
1.214293998694861501e-02
1.210254303068683014e-02
1.210863788259790817e-02
1.156393474351301125e-02
1.153385018467787543e-02
1.202753632867815080e-02
1.187190806864544743e-02
1.178375915937301954e-02
1.180892157190712582e-02
1.082716661893179909e-02
1.102522800525257592e-02
1.146605311698205634e-02
1.140193910091749467e-02
1.191952277131307428e-02
1.184047155025510709e-02
1.169220628565426252e-02
1.180036701708933773e-02
1.172667899245019921e-02
1.159997931202941431e-02
1.150506271390107707e-02
1.159678169648343214e-02
1.179971341133630863e-02
1.197853688110724242e-02
1.197478080015953843e-02
1.231356225036642389e-02
1.211140333575803224e-02
1.187491876728410771e-02
1.203590701309940024e-02
1.221888929043611280e-02
1.254389309849706334e-02
1.239359840715373653e-02
1.196198934478810184e-02
1.202249268238204938e-02
1.206469705406450384e-02
1.197116035670310608e-02
1.200290365036173201e-02
1.193094659765173843e-02
1.178729916391707370e-02
1.197718774650075209e-02
1.216126672504379280e-02
1.187698540036586856e-02
1.183835137164006290e-02
1.182828242632135568e-02
1.188573661785033778e-02
1.181116822366876790e-02
1.216645133484894198e-02
1.217239770893445254e-02
1.223116899034975592e-02
1.214345530653448101e-02
1.192050648357984716e-02
1.204703317336311245e-02
1.199346259862313011e-02
1.138555408535666183e-02
1.146539683777982044e-02
1.201324387133361794e-02
1.189816396334594101e-02
1.180515826052283730e-02
1.192856555103329400e-02
1.180937830785158509e-02
1.143745215641421564e-02
1.110469496769093609e-02
1.159072692209553099e-02
1.150251996124422409e-02
1.186737343210082785e-02
1.178717701742338676e-02
1.221994047577553040e-02
1.199465363232158147e-02
1.197668420961181014e-02
1.204893521431576846e-02
1.184756951597718336e-02
1.209786799447684809e-02
1.235327640402237963e-02
1.252815841969002336e-02
1.215417171283134611e-02
1.231266828118908994e-02
1.215597943783263551e-02
1.201696773723494663e-02
1.178317437306374699e-02
1.197580731427408916e-02
1.184367443338459405e-02
1.149841456248533456e-02
1.145341700880298137e-02
1.164616807144841504e-02
1.176239313737842407e-02
1.140917864363923812e-02
1.139712756720384634e-02
1.173132224542240178e-02
1.163480264447327821e-02
1.170731663626596933e-02
1.182556759951789230e-02
1.178196096694962905e-02
1.167314853158126289e-02
1.126202999619421198e-02
1.074712827548275282e-02
1.109404367994088619e-02
1.091150663775804219e-02
1.135552120785523512e-02
1.101670389266137633e-02
1.102923086279247386e-02
1.125165596157747146e-02
1.153404278086856555e-02
1.156810296980505248e-02
1.152570452836772230e-02
1.188721045351919837e-02
1.161004736357955369e-02
1.178121652370427673e-02
1.206750669293808580e-02
1.207974516203388568e-02
1.182391933103421784e-02
1.211924504474509029e-02
1.239654057853599792e-02
1.212019036232076484e-02
1.214128776432406472e-02
1.196645297486573049e-02
1.149349663710011113e-02
1.149405147920672110e-02
1.124624004539057434e-02
1.169370264496241880e-02
1.133653501827751320e-02
1.116014895450506521e-02
1.141279849093885558e-02
1.145074821743053382e-02
1.124431069423871728e-02
1.140180103613227733e-02
1.145219776887536345e-02
1.180081108040817277e-02
1.182135410882950190e-02
1.198775731203771157e-02
1.226286545171189485e-02
1.223535213746024947e-02
1.225941773684318531e-02
1.250845246057069420e-02
1.266619081684343048e-02
1.265090273674849414e-02
1.255381255497953902e-02
1.233993807431603938e-02
1.210553771115244377e-02
1.230904245862630107e-02
1.263125075138867015e-02
1.296577807699583924e-02
1.277178380800981540e-02
1.266650618016487533e-02
1.268110936345876946e-02
1.265411715950266053e-02
1.222417117656146406e-02
1.213900748494194451e-02
1.143335408298869552e-02
1.168608592837270393e-02
1.128822670805677657e-02
1.112265183466061048e-02
1.096914149201359476e-02
1.108128392860563416e-02
1.133989311093527158e-02
1.160638371243718006e-02
1.150524035291973848e-02
1.218647144175858017e-02
1.176333727371931155e-02
1.195391452174397566e-02
1.162770393320872869e-02
1.138261019651411535e-02
1.148442393145238799e-02
1.158771055194477047e-02
1.120812919309319838e-02
1.153965469706671326e-02
1.199401051047549634e-02
1.190514853688798454e-02
1.164746512707133183e-02
1.202343440409477451e-02
1.168263263993052185e-02
1.144960546613076405e-02
1.099985006699145083e-02
1.107266077944299605e-02
1.115462343684325668e-02
1.142515013817580610e-02
1.178448944017010912e-02
1.203228920653300754e-02
1.185786390804750845e-02
1.224657725362553705e-02
