1.233425686659940512e-01
1.140436757702784354e-01
1.075572462272085805e-01
1.016050602970841044e-01
9.585946348963629571e-02
9.030589327648635978e-02
8.586992272703292128e-02
8.151629612008109982e-02
7.632990201177315692e-02
7.345750347699296634e-02
7.124611850063672369e-02
6.806275697612002018e-02
6.495071652179226773e-02
6.170849940599655581e-02
5.759078028869923233e-02
5.460193512068935162e-02
5.181114734320022702e-02
4.978169780938460770e-02
4.865788337829951571e-02
4.587560687289968936e-02
4.471678008830484025e-02
4.382393623236808394e-02
4.160783134614479128e-02
3.970320463653861931e-02
3.833670915576473104e-02
3.745807063700066358e-02
3.663300721098600166e-02
3.538644460552185789e-02
3.539221363458933123e-02
3.456984579979250488e-02
3.317141755456372298e-02
3.313437268894574989e-02
3.237797929711695027e-02
3.145731405180551832e-02
3.015705615325775177e-02
3.016240863514334236e-02
2.952036464547211359e-02
3.025809142898686424e-02
3.004882470673371150e-02
3.064558201410616176e-02
3.098395861334389892e-02
3.057283202187439236e-02
3.054200406820202149e-02
3.115599964524949639e-02
3.059711271171618174e-02
3.000701032171787172e-02
2.957151094242130643e-02
2.908597819945954455e-02
2.913889656668026268e-02
2.937315279476750834e-02
2.943009648281427748e-02
2.908178730945015431e-02
2.901650675923951941e-02
2.918533193664255704e-02
2.825937657898314539e-02
2.824779729907106116e-02
2.821423714776254490e-02
2.800939459109850690e-02
2.851761667683493442e-02
2.847905788172072281e-02
2.812708033896720375e-02
2.766354193130696887e-02
2.748919773101252129e-02
2.721953310375115759e-02
2.752250815249816102e-02
2.732985794500034440e-02
2.739443370330893121e-02
2.820161578851354198e-02
2.779028233018372360e-02
2.746358826873448317e-02
2.813350651423183676e-02
2.865551540138952177e-02
2.850177102222057821e-02
2.837409968196059895e-02
2.825131049827814267e-02
2.772705632624792443e-02
2.709266800679837120e-02
2.737313944667579130e-02
2.723569323192879046e-02
2.668843400601449145e-02
2.638368188472512213e-02
2.627747076723565070e-02
2.656294605323080565e-02
2.600988354056361918e-02
2.589903859097647185e-02
2.579072004990212719e-02
2.555492038878935668e-02
2.510415777845616259e-02
2.451128989512033410e-02
2.429069187888164422e-02
2.421282622479027993e-02
2.425849179125518298e-02
2.411247878470451980e-02
2.411125979526280647e-02
2.399428415091664837e-02
2.351795922060196872e-02
2.327779768401979851e-02
2.402182309079368625e-02
2.403996065174644758e-02
2.477805301381191469e-02
2.406475163200469045e-02
2.373829562763243861e-02
2.396194828596755894e-02
2.322282842311520351e-02
2.432358167166746507e-02
2.434958265328327626e-02
2.468199004658678739e-02
2.474261761893351702e-02
2.472726589683161766e-02
2.457310892278757528e-02
2.404633757930919880e-02
2.425280498829517073e-02
2.420049159473850256e-02
2.393597059214704753e-02
2.385524200941243483e-02
2.304937256288317610e-02
2.286769707949545122e-02
2.361412190419830484e-02
2.431638402181008490e-02
2.376334414776036519e-02
2.346751286484352605e-02
2.302378598308330027e-02
2.353089258864107802e-02
2.335120047406028312e-02
2.297725310356786566e-02
2.240069493239320308e-02
2.248895362974845033e-02
2.131673888268456607e-02
2.227885102502530010e-02
2.223056655669064866e-02
2.262137335803076840e-02
2.264229404665269937e-02
2.282804244627656756e-02
2.207248928500719215e-02
2.120203504752507864e-02
2.087077634410744800e-02
2.169230966927351151e-02
2.157165357724521657e-02
2.215285816012513287e-02
2.183896650705309181e-02
2.205212880974895956e-02
2.207249331871027898e-02
2.182652158261386838e-02
2.138411747073784216e-02
2.100260634778068278e-02
2.052427807400334855e-02
2.046904732353473089e-02
2.017057020162756759e-02
2.004417547963196350e-02
1.974773876997696492e-02
2.003340180998093925e-02
2.035769192174534392e-02
1.987713807790608689e-02
2.110836457377090677e-02
2.104282336022673255e-02
2.002590531991770006e-02
2.009513374650027245e-02
1.973027552860982803e-02
1.903848697821245578e-02
1.927971576800056527e-02
1.933707390079796376e-02
1.934006943574957324e-02
1.885454771955316980e-02
1.918244401599527790e-02
1.976177213055140339e-02
1.985223160475300258e-02
1.988276025484140772e-02
2.000647116962801786e-02
1.982085651638925208e-02
2.005093266583441586e-02
2.035511606167822105e-02
2.014469000012859834e-02
1.880277017535152140e-02
1.920684303948957256e-02
1.935892319121966174e-02
1.898757069523535068e-02
2.021277526531047725e-02
2.045945680281193585e-02
1.955032124067027782e-02
1.949052818776787419e-02
1.778418226692725368e-02
1.820033073652137581e-02
1.864691206709683316e-02
1.832691154683078333e-02
1.884037306364505504e-02
1.820560254836686709e-02
1.842768309580310529e-02
1.903339169675101125e-02
1.883337094837166104e-02
1.866467796021050937e-02
1.936182255712173839e-02
1.860179374228020446e-02
1.742142650401570098e-02
1.763501715136070458e-02
1.799666434992634734e-02
1.852410489502765226e-02
1.810015502002718102e-02
1.746963407172212601e-02
1.837964774110016630e-02
1.757257862063189152e-02
1.771239763706404513e-02
1.743610113521629548e-02
1.808383463276847306e-02
1.814644285850787464e-02
1.808695109202313259e-02
1.817238719635257127e-02
1.906047040564658179e-02
1.833099146135388005e-02
1.781516865122106594e-02
1.818649459273519869e-02
1.805055503201116393e-02
1.820371963573963470e-02
1.779798742157632022e-02
1.859255780579583198e-02
1.796690063886356020e-02
1.756560101309904975e-02
1.708569939138724139e-02
1.757860440013568962e-02
1.737532511391190124e-02
1.690388763265075756e-02
1.717773472375945520e-02
1.744396649380942563e-02
1.744238313477976254e-02
1.691940532958707485e-02
1.695989058561162000e-02
1.758648132468631359e-02
1.731131278550647121e-02
1.715871916439106609e-02
1.758057865046244728e-02
1.804770505726497123e-02
1.833552846140689904e-02
1.871600342551436522e-02
1.817764637067209241e-02
1.855328847534845615e-02
1.810798930387684524e-02
1.764939001085871068e-02
1.756911327138590065e-02
1.764642326107160319e-02
1.811575909785667973e-02
1.805337236241797566e-02
1.821453125740302506e-02
1.794083044064005358e-02
1.742088081444598258e-02
1.754154569051791582e-02
1.817258268292624296e-02
1.848973220693848202e-02
1.881784705618810838e-02
1.796976878411587347e-02
1.760169410660578776e-02
1.645864342916063955e-02
1.719266811344754078e-02
1.659299022164958254e-02
1.576311549657774883e-02
1.633240425172422308e-02
1.635320863556807836e-02
1.639915883024842605e-02
1.772329874840126648e-02
1.860141746673580482e-02
1.864493004004513441e-02
1.776542538123491305e-02
1.671107999036065481e-02
1.661783553757820164e-02
1.673322133578839660e-02
1.658421844603923112e-02
1.613845536969227973e-02
1.699260129770014185e-02
1.733504105971354209e-02
1.693624166654922672e-02
1.744431914429669592e-02
1.795230917369521062e-02
1.697488764471900488e-02
1.744227607599367277e-02
1.763429016081172196e-02
1.691465524595109002e-02
1.695751418860445836e-02
1.699557868872071317e-02
1.708456023011020036e-02
1.667078806044716005e-02
1.791178913488319230e-02
1.799850452583509619e-02
1.808710667904052036e-02
1.782789225905141717e-02
1.791055040183284208e-02
1.733754741242943612e-02
1.690722478223504605e-02
1.626527587385147647e-02
1.543630242564162161e-02
1.581297070813184741e-02
1.583500165172584476e-02
1.547385570428511797e-02
1.548290954029685890e-02
1.575822383069312022e-02
1.654485026835115363e-02
1.746483658526602756e-02
1.809567055932805382e-02
1.805019307601775369e-02
1.897905832684930461e-02
1.944687122760203890e-02
1.921094364877718591e-02
2.037274864514073205e-02
1.995863243444702395e-02
1.924447964251866511e-02
1.951777162238644073e-02
1.888512382409657936e-02
1.900953377706643410e-02
1.816572894136858976e-02
1.756646941014236921e-02
1.854976304345324137e-02
1.794863655593469803e-02
1.767781013368956503e-02
1.732796473037446702e-02
1.696744731856294000e-02
1.552701371584686886e-02
1.514726779147455502e-02
1.514679263172306022e-02
1.584139954047144444e-02
1.558823786100248937e-02
1.570149225248977654e-02
1.577597151496163211e-02
1.580235358665455642e-02
1.636233803891018815e-02
1.619786659199843118e-02
1.528150128918904713e-02
1.444575538945692267e-02
1.490851742408630561e-02
1.545876375249019899e-02
1.616383820169926475e-02
1.691831754245298747e-02
1.699456509321836672e-02
1.716811604452929407e-02
1.724875361527119372e-02
1.702415203539840716e-02
1.738159910292070773e-02
1.731706129288696980e-02
1.747496294011107246e-02
1.750471801973829677e-02
1.716487267538666789e-02
1.707596348989154009e-02
1.681039692600419522e-02
1.614469116889819672e-02
1.589303054744105673e-02
1.642207266718377634e-02
1.609554954582289449e-02
1.602433777724471264e-02
1.721367545912326838e-02
1.662191692417266942e-02
1.673082329553124761e-02
1.687706342246667393e-02
1.660345780917195369e-02
1.732790543758813001e-02
1.639396880112221552e-02
1.591363962864275963e-02
1.655248191578691935e-02
1.612575228502622152e-02
1.581341855836314314e-02
1.576000550333919031e-02
1.563308896377325896e-02
1.488606209633657786e-02
1.469553189167203087e-02
1.465268148029796359e-02
1.517319284050037964e-02
1.552061517155122784e-02
1.527122283538328087e-02
1.521396501684194567e-02
1.626767757173269019e-02
1.611311313213824661e-02
1.587487840957149676e-02
1.569303012206218692e-02
1.569377215521806576e-02
1.599334995488206970e-02
1.666035261239543971e-02
1.691657340871955545e-02
1.636579636832785276e-02
1.666211491895281879e-02
1.650013426606952022e-02
1.569021025580420725e-02
1.574308161616135363e-02
1.496542647350508973e-02
1.492083929812942737e-02
1.496240102336046131e-02
1.408913392446789828e-02
1.390552937501359290e-02
1.421616207564340567e-02
1.459889749513660490e-02
1.492740726389760013e-02
1.561103622779969231e-02
1.511860052752173056e-02
1.526933514593964251e-02
1.525667305461186202e-02
1.509828668663460403e-02
1.567839162141964129e-02
1.540635980626456868e-02
1.561226545981898861e-02
1.556845090092620100e-02
1.526138822617347131e-02
1.621715250402562883e-02
1.509473135494262923e-02
1.539173243663720381e-02
1.426671770200306846e-02
1.472532523616949460e-02
