1.317615691736827854e-01
1.314212759529127528e-01
1.307339940343308915e-01
1.297881967599122666e-01
1.285902353120374764e-01
1.273977056463764523e-01
1.259583363724810223e-01
1.243706629259496016e-01
1.229579121879714743e-01
1.213690146568568023e-01
1.197710152334180156e-01
1.183423514094067153e-01
1.168164658695802355e-01
1.154397536472896446e-01
1.138368739265970958e-01
1.121681896384874588e-01
1.106621574537793862e-01
1.091320026281158706e-01
1.076662546393445663e-01
1.062385990108890843e-01
1.048581726550457394e-01
1.033670041395203520e-01
1.018426184442828702e-01
1.005049824800404307e-01
9.931662969457395740e-02
9.802803355518735495e-02
9.682339452642324540e-02
9.540245694669860499e-02
9.427445580741804221e-02
9.288885734333857114e-02
9.161583033397277531e-02
9.032066415669402770e-02
8.917450128082929361e-02
8.797819672472938224e-02
8.681302455615602653e-02
8.553648811505182303e-02
8.432971948519499272e-02
8.299477810368684205e-02
8.185305568918382901e-02
8.066213277091359435e-02
7.943145392198691646e-02
7.828945527916439384e-02
7.712580869974604292e-02
7.611636978067264081e-02
7.512451291877217385e-02
7.404607555775272187e-02
7.301199699796716291e-02
7.189536042731020649e-02
7.067261320688465742e-02
6.949383486462840098e-02
6.847477751831657078e-02
6.739842436561223338e-02
6.639657672689944223e-02
6.529447522134965154e-02
6.437404623424256012e-02
6.329579235666199510e-02
6.228720597898321221e-02
6.128097391696977342e-02
6.029639432161408574e-02
5.938697212757796523e-02
5.835925140150797358e-02
5.742692846967734077e-02
5.640381244343371792e-02
5.550379268319693277e-02
5.463315895892686958e-02
5.385277564382338206e-02
5.299823386192217128e-02
5.200365015982123112e-02
5.108044311507448088e-02
5.023043191303369626e-02
4.928128776378677689e-02
4.836911557273444739e-02
4.757231533121639849e-02
4.674343242603585385e-02
4.583850365706142876e-02
4.508499760174977666e-02
4.421340174438038312e-02
4.346958204923698915e-02
4.262119113412567856e-02
4.175200020716884203e-02
4.103973857019625054e-02
4.028069096107499136e-02
3.947398770735709855e-02
3.888895567791355451e-02
3.813296871009824729e-02
3.749199467252467555e-02
3.689405229692485633e-02
3.627701381292710442e-02
3.563169367958406858e-02
3.505859472779608577e-02
3.435499713341019085e-02
3.360966381681912418e-02
3.290287977802765218e-02
3.239331432659722787e-02
3.179529175914348749e-02
3.127858427707054523e-02
3.069176583214518542e-02
3.020990755106905262e-02
2.966578739423637173e-02
2.916727493545068217e-02
2.859225727680385701e-02
2.795782504677079769e-02
2.744414177091762663e-02
2.681014687088543319e-02
2.626675240949041118e-02
2.577521215144680175e-02
2.521836462913247187e-02
2.464999668273144817e-02
2.413850298235406186e-02
2.359070774139041329e-02
2.309996997189241869e-02
2.258465307086852947e-02
2.199246237968783060e-02
2.139608221357270149e-02
2.091019749556084426e-02
2.044726563851086837e-02
2.002793077273696751e-02
1.965187902129636108e-02
1.927392608128431287e-02
1.890705815306988058e-02
1.852444762616801965e-02
1.816837806424004623e-02
1.777323671938669733e-02
1.745497183190944379e-02
1.703492681306233505e-02
1.669456888460797706e-02
1.635770547110758366e-02
1.608104961376446637e-02
1.577795600356795766e-02
1.550199017405361548e-02
1.517409769896080514e-02
1.488684014862228303e-02
1.467925588785995265e-02
1.447848140166653474e-02
1.423369357341000910e-02
1.393260345174232064e-02
1.370645633650591742e-02
1.346703107487192720e-02
1.324638136711787581e-02
1.298702920962766308e-02
1.276577428876701260e-02
1.258004506509100701e-02
1.242364437919613908e-02
1.228175528642883041e-02
1.208090302703740924e-02
1.193156608178824740e-02
1.174318010395235951e-02
1.158462063417326805e-02
1.147269749317574375e-02
1.133072622014990108e-02
1.116035838815393651e-02
1.102106140789918011e-02
1.091660553852931773e-02
1.082736988246298451e-02
1.076311517092323408e-02
1.067523823008102550e-02
1.060177453725082326e-02
1.050822537638862464e-02
1.047189779305192532e-02
1.047016382762049926e-02
1.048655616587072098e-02
1.049769798887643067e-02
1.054266613574066785e-02
1.056435550373369808e-02
1.062138493425365121e-02
1.064843382803428232e-02
1.062194355764924797e-02
1.057481009025383438e-02
1.062581165094557412e-02
1.059019782710696710e-02
1.060220959487435596e-02
1.062847976151315953e-02
1.069521302943407873e-02
1.078504271451700101e-02
1.082909149589033997e-02
1.084675315925250245e-02
1.089825567959916072e-02
1.096645359787636401e-02
1.101296222810478620e-02
1.106237728479558119e-02
1.109946589637420336e-02
1.112426646014601228e-02
1.118006435104594402e-02
1.122479464025846925e-02
1.125906052129297882e-02
1.135586180062553123e-02
1.139809638241941897e-02
1.152285235319090023e-02
1.161822916864829747e-02
1.170618961078926344e-02
1.180735757579419107e-02
1.184848078444237021e-02
1.200454551221956205e-02
1.212701485492516038e-02
1.226961217444160791e-02
1.235059333969388759e-02
1.254656600426562983e-02
1.265719375130866867e-02
1.279923176066914692e-02
1.293611985294217635e-02
1.303104744311977398e-02
1.313355079110251587e-02
1.330119070640990893e-02
1.337133328091839185e-02
1.345676408264341074e-02
1.355821473634508632e-02
1.371568991068547634e-02
1.384995590450863526e-02
1.398369885048176067e-02
1.412069932339760081e-02
1.424837886278856186e-02
1.441988505289531521e-02
1.461642786647318962e-02
1.482737566721700588e-02
1.503587586051748429e-02
1.523773166002582655e-02
1.543820447880160304e-02
1.562480733698639115e-02
1.580452014338413341e-02
1.599418465273345913e-02
1.614175013438620687e-02
1.640708473692402414e-02
1.663370633158768944e-02
1.678882627203565417e-02
1.692569810418205825e-02
1.706344871200433932e-02
1.718623331933218090e-02
1.729706918987011788e-02
1.742049177314010724e-02
1.754233729809700701e-02
1.762342539311512885e-02
1.773355261494797067e-02
1.791843194734225875e-02
1.807436207363474420e-02
1.819948250116053615e-02
1.830108701472806659e-02
1.841688460514811013e-02
1.857842384008975486e-02
1.873599858777204308e-02
1.895028170627842054e-02
1.907907848080594992e-02
1.930387734643845138e-02
1.946970064667475839e-02
1.964718288659937639e-02
1.983470163825324858e-02
2.000892455347557178e-02
2.013693926746048732e-02
2.032042454167640178e-02
2.044572101042498383e-02
2.060381906977282532e-02
2.071753167778410398e-02
2.086060326912838811e-02
2.096892184648871393e-02
2.102488674141285083e-02
2.114027520048430975e-02
2.122148067485525244e-02
2.121418636513758282e-02
2.126914851901698378e-02
2.131815620198976649e-02
2.140614394251315680e-02
2.148296320025181241e-02
2.153503553978337176e-02
2.167411290205558533e-02
2.175057228174356871e-02
2.183705447249119705e-02
2.193958216160373995e-02
2.205689237027985694e-02
2.213622444280331780e-02
2.226820337485178186e-02
2.241179241862535990e-02
2.251046239031203461e-02
2.259863022101105470e-02
2.266185832192894184e-02
2.276729073123220926e-02
2.285528067975411623e-02
2.289777479554305079e-02
2.303287524355774468e-02
2.317633670999581785e-02
2.327288740667828731e-02
2.337329669854607689e-02
2.345015849136863895e-02
2.359031934035029157e-02
2.367980683613040566e-02
2.383735315204162791e-02
2.386833600035036945e-02
2.383813669720260056e-02
2.390042061661644401e-02
2.395256402032929291e-02
2.392969748951297854e-02
2.393000985058139213e-02
2.396063624899255617e-02
2.405375396535152852e-02
2.416092338120218522e-02
2.428094470017408413e-02
2.435297570266584805e-02
2.445200426641418526e-02
2.453951518606556706e-02
2.455847545382642411e-02
2.462741134402145551e-02
2.470692480333663149e-02
2.478884327078368158e-02
2.481532739248679120e-02
2.480409875686579932e-02
2.481911460647577561e-02
2.479932479282192376e-02
2.487585177993454494e-02
2.490780919244010849e-02
2.493685076636063466e-02
2.494515906234804833e-02
2.504003824265673903e-02
2.510703028577527737e-02
2.518272974800610589e-02
2.529159649624453804e-02
2.538936106145320629e-02
2.545433835286001895e-02
2.553552756491841991e-02
2.563390300475788461e-02
2.571261813614297495e-02
2.575849280946861108e-02
2.585178254605305717e-02
2.595148381472558996e-02
2.603763671766827492e-02
2.606599185293887941e-02
2.621404520651647932e-02
2.624325583993375108e-02
2.630146020747968841e-02
2.630313587086444832e-02
2.631586865265399602e-02
2.635714555623200339e-02
2.640592688487942638e-02
2.640647982111666084e-02
2.643227956156410374e-02
2.653906051130718036e-02
2.654990455802324831e-02
2.657063006521599713e-02
2.664159179998773497e-02
2.666972421315314673e-02
2.665347523651522346e-02
2.658252899164176980e-02
2.658782353376825877e-02
2.654311594025486956e-02
2.643154363256543585e-02
2.646275003159543476e-02
2.651071963231773493e-02
2.653382676777771634e-02
2.653114047937437867e-02
2.652754830839219521e-02
2.658239379590856058e-02
2.657788108236234376e-02
2.654442615230620528e-02
2.657343901316158719e-02
2.656112019383688808e-02
2.658358529809227988e-02
2.662691529195108237e-02
2.670932761715009290e-02
2.678863058498161601e-02
2.680031096238190066e-02
2.680877723346518013e-02
2.679550193819992335e-02
2.678133060761066220e-02
2.678980191464514632e-02
2.677579884421544057e-02
2.677760099657162246e-02
2.676160820409582974e-02
2.676895870046805750e-02
2.676253568180559511e-02
2.670864405904077934e-02
2.666784259006897695e-02
2.670511319729297617e-02
2.668708269723875023e-02
2.666386268952501692e-02
2.661241983067866995e-02
2.659187768055786341e-02
2.662617800931507683e-02
2.659377321443864156e-02
2.657586193638112812e-02
2.665184239135961336e-02
2.666313477382645236e-02
2.666469362903443191e-02
2.663619096806258205e-02
2.663792206355889217e-02
2.669878115808664229e-02
2.674531681144732068e-02
2.673779198870800816e-02
2.675217588712321126e-02
2.674729291719459348e-02
2.668419509420844396e-02
2.659695550352586882e-02
2.651030312324735919e-02
2.649461391303020719e-02
2.651096867402838800e-02
2.648435091219961471e-02
2.646096008559263926e-02
2.650348320123058904e-02
2.651567452675599249e-02
2.653074484509572450e-02
2.644568915496322767e-02
2.644508156530690768e-02
2.649615233533586869e-02
2.657115153662056861e-02
