1.317615691736827854e-01
1.309067124500289392e-01
1.291931030527274649e-01
1.269237158888785744e-01
1.243648289424068853e-01
1.209681818908643763e-01
1.170297028053769867e-01
1.129693142194686528e-01
1.092253783860030469e-01
1.052226663258341854e-01
1.005256712841501587e-01
9.555137285570301786e-02
9.174319231906155614e-02
8.808924901607598223e-02
8.365797695974946935e-02
7.961637018859618609e-02
7.610476536949134507e-02
7.324545135554308417e-02
6.998143750882278302e-02
6.750299661939945794e-02
6.502551607930366628e-02
6.303035395791772855e-02
6.165249080542119231e-02
6.050691244117953338e-02
5.957581238587324191e-02
5.875002628532454557e-02
5.780596515335153368e-02
5.739401426634015840e-02
5.696108045856226876e-02
5.641299719972993343e-02
5.602914971895271712e-02
5.565490170809419407e-02
5.519284344360528977e-02
5.482862356529562969e-02
5.462675400295869538e-02
5.429590665261161547e-02
5.384189716960977728e-02
5.334830584034005313e-02
5.279857489284692229e-02
5.228516537941074044e-02
5.158513750931807695e-02
5.086466395297681298e-02
4.990464767390267314e-02
4.912381741365238336e-02
4.813720807176559424e-02
4.734337225530889370e-02
4.678484011215857524e-02
4.595769295637659735e-02
4.523767816700739047e-02
4.440175297789784870e-02
4.373078993537537346e-02
4.306326195434007770e-02
4.243407184977977115e-02
4.187404656605100278e-02
4.122015105928199946e-02
4.052575604958263272e-02
4.009309966993000046e-02
3.952161838857234932e-02
3.901940231241463053e-02
3.833723892027035562e-02
3.788227457793420794e-02
3.752845487255320606e-02
3.704967692290630360e-02
3.644880012702773897e-02
3.597153783604203209e-02
3.553696392218137767e-02
3.491945806545323355e-02
3.438118477250665106e-02
3.369380662816551242e-02
3.296730225664610409e-02
3.249373784605336796e-02
3.198220081747670668e-02
3.139914987130066476e-02
3.085063141356193805e-02
3.041294728538842390e-02
2.993798936891207615e-02
2.951520943425504223e-02
2.912865232345773422e-02
2.893511884381023275e-02
2.895244900634609542e-02
2.887850509485231573e-02
2.895026481537423327e-02
2.882803909599467029e-02
2.887110063539274213e-02
2.889447982887891064e-02
2.889675679917587392e-02
2.897563572968979775e-02
2.893180409097639849e-02
2.908037361778434068e-02
2.903706317165129919e-02
2.889307753191689213e-02
2.880324897914836660e-02
2.861238765460627498e-02
2.848367601944906333e-02
2.835466287443636629e-02
2.818787743992523867e-02
2.814550971937988116e-02
2.777511967988973915e-02
2.756299518227881690e-02
2.745619947302438413e-02
2.719995122546385591e-02
2.707903087984356652e-02
2.683906399925571964e-02
2.640378978875225838e-02
2.608375715650054771e-02
2.580484427372212175e-02
2.559138616540921479e-02
2.536963375188402633e-02
2.527112430935276460e-02
2.515791628733105717e-02
2.506640891906186316e-02
2.500263375389796122e-02
2.508861914282013716e-02
2.526725482202117970e-02
2.550533331827099445e-02
2.564039541481479695e-02
2.570564122540300311e-02
2.576830138156889147e-02
2.576416635501242378e-02
2.585061173701063211e-02
2.575567376940490760e-02
2.566533495285293343e-02
2.552316087207546699e-02
2.519809987613958607e-02
2.486028754212582861e-02
2.458405212301829554e-02
2.419569431615109859e-02
2.402681409056812642e-02
2.392131235228883018e-02
2.408268643415113416e-02
2.414066689128048851e-02
2.404215434514564084e-02
2.398251626287777050e-02
2.387458200840849795e-02
2.369582571583265379e-02
2.351770464081020043e-02
2.337798017753803942e-02
2.326222978689199139e-02
2.316397220673648005e-02
2.305464207780530753e-02
2.292226023146658187e-02
2.284039775725642263e-02
2.251178386910990606e-02
2.227639598285491296e-02
2.211247480849486483e-02
2.179024419669493493e-02
2.141996654124433963e-02
2.114406232211015618e-02
2.082564692687164168e-02
2.067115078975681475e-02
2.069132395343165065e-02
2.079810109196790838e-02
2.069422914038136080e-02
2.080882003986845100e-02
2.068001576716171908e-02
2.056656656755030677e-02
2.059364906542631227e-02
2.031682081425199848e-02
2.011333098161692187e-02
2.000967533284096073e-02
1.988578698471770226e-02
1.988601604572763290e-02
1.996302642684932502e-02
1.997348685210354954e-02
1.992841506315894129e-02
2.006371788273504653e-02
2.028014820515460989e-02
2.067417411785527764e-02
2.093702783115252569e-02
2.121335876798400438e-02
2.164756808797667353e-02
2.172211730710186042e-02
2.192411122002458149e-02
2.189225614265817230e-02
2.172731801175868671e-02
2.158287495307778525e-02
2.113004863279327808e-02
2.092151594275044532e-02
2.066014824710020459e-02
2.040346883310056522e-02
2.016092984998545112e-02
2.012161173071098236e-02
1.996200466434749562e-02
1.982058631347653407e-02
1.971200196766724824e-02
1.957140324401938913e-02
1.945764877760680286e-02
1.946125930073341892e-02
1.936985495476493957e-02
1.928232501367646567e-02
1.919178438385681085e-02
1.907187325274272566e-02
1.898188139476711736e-02
1.882117357946573241e-02
1.862280836752147964e-02
1.864471800835025908e-02
1.845115186003126392e-02
1.844402428639516783e-02
1.831542814232545516e-02
1.827356580913411591e-02
1.824998603269716718e-02
1.816980248548361043e-02
1.818009923584330487e-02
1.815577511645004305e-02
1.821038084422169079e-02
1.825232824068661469e-02
1.838898154873619753e-02
1.856923149314551255e-02
1.859414954638120843e-02
1.867790234833171387e-02
1.850090815451242016e-02
1.862682697358169354e-02
1.879588299918190375e-02
1.902270541079899638e-02
1.874603682086252790e-02
1.869968297057896661e-02
1.892831251152667094e-02
1.901366305681207250e-02
1.893585347885877804e-02
1.893966068101991460e-02
1.892970844120060725e-02
1.889687845441886949e-02
1.911894436360504768e-02
1.922434930883716586e-02
1.932503269613689706e-02
1.948708660539516871e-02
1.941382370936638527e-02
1.938979010657514157e-02
1.927039587185356423e-02
1.940906761304438469e-02
1.937034031562254177e-02
1.899917839064783204e-02
1.862242509782116584e-02
1.832640385586363496e-02
1.780987535611069927e-02
1.752783092839986859e-02
1.733180467120792184e-02
1.720951678477998514e-02
1.726195033188125325e-02
1.733415866967923796e-02
1.745275178052005383e-02
1.765869239207026528e-02
1.749161662049234997e-02
1.745614714458116820e-02
1.750478883160916030e-02
1.784793218010497645e-02
1.811895555258242682e-02
1.838621204969489650e-02
1.845428421305668476e-02
1.842465493638054466e-02
1.835434331727122531e-02
1.830420521939844086e-02
1.813480837899954234e-02
1.812490000987467681e-02
1.808107581121255400e-02
1.809584991883788838e-02
1.806948238154330172e-02
1.781099778718698776e-02
1.763396775560806609e-02
1.744804336281486137e-02
1.739430264494833817e-02
1.736877876911870414e-02
1.740550962998117443e-02
1.726400395391061368e-02
1.733890688845641029e-02
1.730906382478976380e-02
1.738714396715443367e-02
1.751061934876781828e-02
1.764465829289744991e-02
1.770107336805078202e-02
1.765389575073535861e-02
1.758400876029302118e-02
1.759499039983977720e-02
1.764541609592499768e-02
1.780389553945822129e-02
1.780454479556257616e-02
1.802710234086492280e-02
1.793843753965800730e-02
1.797880516521853378e-02
1.818185638723100045e-02
1.793624008506695955e-02
1.808809517944674761e-02
1.802103096845565633e-02
1.772892050667217514e-02
1.740258177260595521e-02
1.697585334445116459e-02
1.670848008937136225e-02
1.656607811492460947e-02
1.643591744194433310e-02
1.602701901862392184e-02
1.589179283118473743e-02
1.589423739723002174e-02
1.600874014599313472e-02
1.632897776149955585e-02
1.619688066695827017e-02
1.621247132490417214e-02
1.617537699924752326e-02
1.621910431948089468e-02
1.628601905786188422e-02
1.631378831350842676e-02
1.630084754366185884e-02
1.649865693859752305e-02
1.685535233645499634e-02
1.700682924750849395e-02
1.698598903960568327e-02
1.704212767004819815e-02
1.732342780433994076e-02
1.739041365912050857e-02
1.759087190484030783e-02
1.776514558180017703e-02
1.784677191906802740e-02
1.783656856027271073e-02
1.792744444332807635e-02
1.807538116788632784e-02
1.829464158661300160e-02
1.837851416787543435e-02
1.849378371143705832e-02
1.852454126132057136e-02
1.854177861823243581e-02
1.845090641677979773e-02
1.843687353456668204e-02
1.847683906248738517e-02
1.842687333534699656e-02
1.835703648289492909e-02
1.832775299886249543e-02
1.797824694372255824e-02
1.793709695122091066e-02
1.771965207811186660e-02
1.774263473666106219e-02
1.754351176281821259e-02
1.730920939032170106e-02
1.719543612726863804e-02
1.698161436753551495e-02
1.702372882675202634e-02
1.693204712309804086e-02
1.672133639386795545e-02
1.669868165733916568e-02
1.665211963139008253e-02
1.671369640590489314e-02
1.695895945107115527e-02
1.696178029947678634e-02
1.708070621549703100e-02
1.709387595634901530e-02
1.714067693713874213e-02
1.728198474165034554e-02
1.737993700497369662e-02
1.736100280899441350e-02
1.778058021984628770e-02
1.791287523500487838e-02
1.807467645884330149e-02
1.789112553801499098e-02
1.797140845209052595e-02
1.798218536857909208e-02
1.788457872293682666e-02
1.773970433089046631e-02
1.759864376295170244e-02
1.760930557192981125e-02
1.757121896872451336e-02
1.745984939201569719e-02
1.758482351355900031e-02
1.758779631241192201e-02
1.761816266344805315e-02
1.763296884926583707e-02
1.753425753987496519e-02
1.717200236902305041e-02
1.695269870202096435e-02
1.667356169069734301e-02
1.668381111370526373e-02
1.657374179637445197e-02
1.659685820809652171e-02
1.660407674373296991e-02
1.640626718841433837e-02
1.650766699134633211e-02
1.642572917468237276e-02
1.646541630962488831e-02
1.629863745889694598e-02
1.616124638914474484e-02
1.613047333260768726e-02
1.616975815457127874e-02
1.618265363738653068e-02
1.614610676922780680e-02
1.628987466646388688e-02
1.645680278221690884e-02
1.659893384611017125e-02
1.690036965591667703e-02
1.703932876329274093e-02
1.732462131544263220e-02
1.755849453447864278e-02
1.756199243500641827e-02
1.758359452450784441e-02
1.745133621567840007e-02
1.748558886711353358e-02
1.745324008548309117e-02
1.740411796430794272e-02
1.744851883261148984e-02
1.745834016922399867e-02
1.763174435138965476e-02
1.778699397800832457e-02
1.805382216611274224e-02
1.810512298407677273e-02
