1.549238660323506711e-01
1.434159718915319348e-01
1.366896350560594664e-01
1.310384633865537551e-01
1.242408750043788451e-01
1.192420064657171291e-01
1.164710695047196931e-01
1.120638950354603813e-01
1.091206676290840671e-01
1.065223898148466158e-01
1.033487699496062479e-01
9.907881995182504786e-02
9.574480747771085820e-02
9.375569063787728141e-02
9.322052726530233313e-02
8.940961218455666104e-02
8.860161685381053032e-02
8.796576739064104755e-02
8.498173401077326050e-02
8.263570517720539299e-02
8.165881009266995338e-02
7.995135744468272188e-02
7.932554441143685464e-02
7.797542594533571347e-02
7.670096323527490767e-02
7.428905321562974395e-02
7.394717693261546043e-02
7.244969094994002656e-02
7.068560783543227644e-02
6.950761013773763819e-02
6.925006071617091641e-02
6.855141773307643627e-02
6.690892484486972436e-02
6.619867776299223627e-02
6.478980858142638355e-02
6.359981831634603511e-02
6.293838955990214978e-02
6.245840941464034929e-02
6.109845051516230030e-02
6.023764809499913830e-02
5.960402341058546744e-02
5.852842168440704207e-02
5.774349097741657971e-02
5.739856681454658799e-02
5.687974406965457669e-02
5.631192321776281456e-02
5.465983191147220227e-02
5.402631805099107620e-02
5.385837008830659384e-02
5.302284283681282101e-02
5.265765029172632394e-02
5.231846644886475883e-02
5.103592918611105089e-02
5.031724314565571426e-02
4.961973993065748462e-02
4.952019627983610811e-02
4.893392168694950251e-02
4.827099781174618714e-02
4.785831241898128030e-02
4.782303653652514308e-02
4.751176571843622465e-02
4.711197625767482577e-02
4.606986396365569947e-02
4.648625797985068281e-02
4.628758055989620757e-02
4.626091900173136956e-02
4.574763762119418709e-02
4.540922704472388771e-02
4.513516988026464172e-02
4.466023898971711870e-02
4.392356185461571833e-02
4.339471429920748607e-02
4.290818629020645009e-02
4.205426512954324458e-02
4.157693974554210053e-02
4.083176443782191023e-02
4.080229799271654217e-02
4.098473299878281628e-02
3.995060311750860821e-02
3.956818708371080684e-02
3.917023866353165629e-02
3.937836043790590018e-02
3.925202462704309447e-02
3.904283428466872458e-02
3.829100061377015835e-02
3.846900698942210678e-02
3.864067759932085511e-02
3.801006391342282714e-02
3.752280512576631338e-02
3.733210736859626788e-02
3.682241389754652150e-02
3.611001890151240012e-02
3.590681257052936309e-02
3.682890731799586675e-02
3.679788566505366731e-02
3.689057331355380387e-02
3.646996871774348115e-02
3.538149789426325159e-02
3.522945181008535487e-02
3.566666718482253140e-02
3.625856788182510448e-02
3.532406168733241703e-02
3.392826649330649841e-02
3.405003477756039787e-02
3.374298708521081269e-02
3.400335965700469754e-02
3.378690667998116015e-02
3.215712303970718472e-02
3.275971940156721662e-02
3.271597660410665437e-02
3.296914035669943482e-02
3.286632988646362441e-02
3.294030337269503866e-02
3.240607089983850442e-02
3.279264244866408190e-02
3.288749707288398522e-02
3.303923932950782877e-02
3.258396535406623412e-02
3.197890883265993439e-02
3.126375645123486563e-02
3.112736277524193185e-02
3.051069295235212323e-02
3.082791819576038983e-02
3.113561817318488342e-02
3.093860755795608056e-02
3.183040115840246598e-02
3.254761494731620020e-02
3.085311741773090130e-02
3.036917272190398087e-02
3.000638494790364152e-02
2.986703320453417548e-02
3.006875176779658099e-02
2.974233744203910387e-02
3.022096650306217713e-02
3.023548520139007420e-02
3.052544393889128696e-02
3.047678146103834085e-02
3.039729361818404446e-02
2.972435093671903575e-02
2.941362647073736750e-02
2.917770142436876962e-02
2.905834489805833240e-02
2.952537278743843502e-02
2.969612561495885844e-02
2.964274769660965245e-02
3.016909924917997310e-02
2.950878585867915127e-02
3.005809220286321387e-02
2.984986213318491927e-02
2.957822265374739079e-02
3.009773613858849478e-02
2.919483716120489097e-02
2.974784668340964972e-02
2.909965646418022703e-02
2.901795817027671281e-02
2.928212635143283976e-02
2.803774364019238213e-02
2.832544200525767900e-02
2.814127307616349702e-02
2.845762322710392034e-02
2.856263159298480514e-02
2.767269562753506273e-02
2.795412348737424599e-02
2.757681886901137275e-02
2.848458147900448725e-02
2.844373820294674934e-02
2.906400852362760190e-02
2.752794881071085609e-02
2.869023736832392729e-02
2.909564092767865512e-02
2.871678807626050489e-02
2.731353705757742778e-02
2.714887509197235968e-02
2.593680426907562717e-02
2.680526043211003961e-02
2.731710654560744189e-02
2.704743495949843077e-02
2.690529346240106215e-02
2.644382022082961831e-02
2.709306167676675883e-02
2.732305056863559498e-02
2.742115408127683215e-02
2.817890991151002916e-02
2.822772627170068785e-02
2.741802616243849480e-02
2.692975090331734336e-02
2.702512352806062113e-02
2.710049078782347104e-02
2.659866144995879852e-02
2.728039554928293406e-02
2.779090419335886533e-02
2.705306352141799431e-02
2.754583815830317223e-02
2.680526470238932604e-02
2.621835265746765009e-02
2.732103083539627608e-02
2.672799212522506546e-02
2.729313567389736461e-02
2.696754225331655930e-02
2.576957067114116207e-02
2.591807458502880593e-02
2.619709396264455203e-02
2.738529802134290897e-02
2.756375734649626347e-02
2.790679018990560936e-02
2.857317143217528652e-02
2.879710400784590493e-02
2.788906759403712854e-02
2.758479517944908282e-02
2.705888517839407162e-02
2.701517505304546277e-02
2.736220995847959622e-02
2.672226922026380014e-02
2.688874885212618956e-02
2.708863162782689654e-02
2.671644926434205494e-02
2.512152268396767099e-02
2.496738297718522487e-02
2.621499966070912555e-02
2.650190515231182903e-02
2.631922948747654825e-02
2.683968694732750612e-02
2.644948958381381637e-02
2.686720767753901506e-02
2.587730503461442913e-02
2.565232360870802961e-02
2.577249867336572908e-02
2.537795254748857060e-02
2.621886630349186398e-02
2.623173996165147071e-02
2.728535986184905254e-02
2.813381098128945115e-02
2.708765935007288739e-02
2.796856031034549578e-02
2.802288489290036266e-02
2.698380530535685398e-02
2.634161218268264021e-02
2.566310688879775564e-02
2.587473269012158933e-02
2.556504445152857699e-02
2.505162746219655179e-02
2.500052778550465593e-02
2.537336255834797202e-02
2.562845902471988860e-02
2.662809245118726020e-02
2.648465253520818075e-02
2.696096321466279200e-02
2.574532936513992953e-02
2.538601433171475477e-02
2.540726780023285641e-02
2.476200865130511256e-02
2.606969413940381924e-02
2.623412902555812345e-02
2.614792488022629063e-02
2.579755691670828147e-02
2.522874575040956122e-02
2.505292298003656409e-02
2.476455404478112785e-02
2.555208410837409017e-02
2.615871472494986361e-02
2.619350401956047070e-02
2.639113216540005941e-02
2.573511518618790822e-02
2.526374695696945519e-02
2.405946308725266311e-02
2.424579309850759604e-02
2.509779353367030258e-02
2.490245625582995434e-02
2.568833272500530354e-02
2.549562352828339817e-02
2.500640506524641829e-02
2.455310903546169266e-02
2.422314327907225395e-02
2.409604129588857613e-02
2.405775188314783486e-02
2.469306858689018086e-02
2.474289423262512888e-02
2.498403342487273693e-02
2.561375658278301076e-02
2.526870509276028104e-02
2.504606405008306252e-02
2.462784601316542893e-02
2.510011789509907984e-02
2.459656242828554482e-02
2.480506901786130175e-02
2.421076178339726798e-02
2.538706233330970466e-02
2.471635338663008205e-02
2.525804616735577088e-02
2.391287034670725592e-02
2.478177991774035971e-02
2.451385819495266460e-02
2.469265759896346196e-02
2.467999637563867907e-02
2.433661803174726537e-02
2.506993219411370391e-02
2.573174262279124408e-02
2.640941399541432699e-02
2.646870316593018593e-02
2.593891459549148640e-02
2.561733904989022675e-02
2.494149146229859490e-02
2.511157287524604098e-02
2.600635393596994679e-02
2.563140652220264812e-02
2.712676273773249880e-02
2.615264069032090591e-02
2.562256471747386896e-02
2.553400506228160546e-02
2.580274070235097014e-02
2.624652037523507106e-02
2.543065167432139589e-02
2.570121596161857591e-02
2.436404006786366955e-02
2.530652383506745359e-02
2.482172675370316814e-02
2.524300620004609613e-02
2.516265843014096198e-02
2.440264751597543899e-02
2.522111886559195992e-02
2.382556306496736928e-02
2.481828499837054197e-02
2.427233269957068326e-02
2.483845055950693187e-02
2.541994927328108250e-02
2.519888675499909123e-02
2.525779632274702952e-02
2.458228180269902280e-02
2.552501897894370042e-02
2.570409146314463905e-02
2.502820815862116452e-02
2.569447915739977994e-02
2.550597461400391092e-02
2.554708125182357167e-02
2.596543256624567891e-02
2.514871166133713851e-02
2.489187302680903602e-02
2.509188378896171426e-02
2.489740097553852852e-02
2.431347686209745992e-02
2.446115893344508532e-02
2.524485835043811799e-02
2.520647407483457905e-02
2.525665716405959063e-02
2.503198028784329315e-02
2.424211110375319375e-02
2.406276712115500843e-02
2.347863170624009399e-02
2.445582294168426388e-02
2.542789402302587931e-02
2.503182471445711960e-02
2.449874210275120381e-02
2.428544372859678391e-02
2.555499045334836891e-02
2.534226629415041801e-02
2.430865992626521366e-02
2.490793075437542151e-02
2.407143991235283567e-02
2.527269696669756996e-02
2.354530297053896229e-02
2.408773681495706906e-02
2.361243056349622213e-02
2.295690413340047142e-02
2.355161312613688121e-02
2.305965335856079504e-02
2.313018193139826026e-02
2.320760598002282599e-02
2.421008522686785361e-02
2.465590185972396653e-02
2.330471668877839506e-02
2.418478418599379065e-02
2.402940752801659141e-02
2.474561679551287238e-02
2.575666171556804940e-02
2.364456998700732726e-02
2.389934403212906969e-02
2.525603674832675380e-02
2.406389191991398224e-02
2.379534498182827792e-02
2.373862900887387106e-02
2.299166462079406392e-02
2.366927929248812887e-02
2.383006709596818123e-02
2.404683766528221273e-02
2.375210318527741157e-02
2.482957553284447991e-02
2.504902067669069476e-02
2.511644054807659829e-02
2.394296200833645819e-02
2.411585943334939100e-02
2.434493819757242022e-02
2.518029312537703457e-02
2.474933148586125342e-02
2.376058828033536519e-02
2.281777180187591000e-02
2.393765078357866505e-02
2.498936271095466080e-02
2.555724063997136253e-02
2.580351290318961752e-02
2.485126565298474005e-02
2.424279444252705126e-02
2.476145918364133433e-02
2.448752256636406444e-02
2.466288324245879959e-02
2.401616085398522796e-02
2.359066888173518006e-02
2.437736137058661365e-02
2.496388981205989108e-02
2.319650373521588843e-02
2.286929874363235332e-02
2.310818009327240963e-02
2.294499892248039186e-02
2.267404013785704470e-02
2.281164609141489094e-02
2.361165880712040935e-02
2.381060332826947373e-02
2.349348123041885422e-02
2.436380469704990323e-02
2.365632111600132412e-02
2.394190557121376670e-02
2.283263683593368329e-02
2.289792743127539928e-02
2.377866061461878650e-02
2.395428401054949460e-02
2.489581222222432555e-02
2.585581158742614183e-02
2.564916097301686917e-02
2.550007318426508740e-02
2.378424683632160419e-02
2.390026330216821204e-02
2.423373298876367599e-02
2.441070122960232666e-02
2.426358648777254476e-02
2.431045446533873847e-02
2.435783556025027455e-02
2.295525107680064167e-02
2.274551381946407144e-02
2.315441023807391849e-02
2.340636888384230521e-02
2.432325751115025844e-02
2.496414842237987958e-02
2.493547579844854895e-02
2.382667773026598407e-02
2.391493737540689030e-02
2.279289535776731629e-02
2.375974049760165227e-02
2.322356141061011556e-02
2.463703262045114847e-02
2.502429076961604909e-02
2.509620447053974995e-02
2.444397768430062179e-02
2.463124443315291637e-02
2.469606144494933264e-02
2.449218385559453343e-02
2.364531240767792433e-02
2.481280209552521460e-02
2.291364356940080171e-02
2.270886271840940468e-02
2.289636733166133808e-02
2.347119670117508647e-02
2.314097418688742733e-02
2.389852627339039692e-02
2.322718675115388945e-02
2.398821468090833048e-02
2.288816072544423708e-02
2.194411160208897815e-02
2.179188649432731162e-02
2.239596166099068822e-02
2.297081467836516872e-02
2.341832991885868520e-02
2.329717748000316793e-02
2.429299797162233834e-02
2.363680704769076379e-02
2.304282378661668892e-02
2.351985372579021988e-02
2.402550438149676434e-02
2.346673693542319569e-02
2.414897262076089526e-02
2.410112707836147006e-02
2.461898002632252613e-02
2.548762042703867428e-02
2.525576904781225845e-02
2.540597463852113658e-02
2.458998643826433572e-02
2.451974414695439614e-02
2.349985414184353402e-02
2.452894612298561414e-02
2.485654381365236948e-02
2.527808093926681501e-02
2.574967504182170200e-02
2.606843237069627478e-02
2.618023105246979412e-02
2.528943866809545138e-02
2.492671114570991359e-02
2.540847896389901786e-02
2.423732958143681032e-02
2.445714916753855689e-02
2.425830726327963399e-02
2.391935698391383161e-02
2.381659224256587812e-02
