1.536746319223171453e-01
1.428084543681520657e-01
1.339601848654642102e-01
1.265488556894639183e-01
1.193203754667022665e-01
1.113578686396458628e-01
1.073628761993537517e-01
1.018569682810044341e-01
9.810138305433384331e-02
9.565836593285681477e-02
9.223133663739170596e-02
8.971207472090961255e-02
8.819842528801422055e-02
8.647246323032950488e-02
8.555052935225315736e-02
8.436999809514705850e-02
8.174083295176298725e-02
7.978249091761868694e-02
7.815784852620855094e-02
7.612954975996012730e-02
7.427470382151528383e-02
7.238285854060232116e-02
7.104699930574956412e-02
7.031677049031155591e-02
6.962224400654368206e-02
6.863324455014160885e-02
6.760455257180977839e-02
6.688745455648054117e-02
6.575157969690020865e-02
6.366308873328221929e-02
6.291381982587176958e-02
6.144051515205697922e-02
5.994740986106919522e-02
5.869674252966784050e-02
5.817207068094327332e-02
5.791953599877452258e-02
5.674008288560206809e-02
5.587395823423169788e-02
5.534380331406216214e-02
5.496897496190786964e-02
5.399860258192366175e-02
5.287631170696076993e-02
5.192997446197995803e-02
5.074613497273167823e-02
4.933214876384634656e-02
4.841984580196627419e-02
4.799046767744931385e-02
4.785322359310217877e-02
4.649928950673266198e-02
4.580029610463348666e-02
4.571245135500387469e-02
4.570676953818322841e-02
4.479395500205925196e-02
4.464321975817341775e-02
4.357195268556472018e-02
4.288559946231993575e-02
4.180149469291509490e-02
4.275266576527406159e-02
4.113346441448108987e-02
4.072224741171128620e-02
3.940792506888645547e-02
3.919856025046350445e-02
3.875911967660634200e-02
3.931000385566593008e-02
3.936184520371843742e-02
4.012746208080177762e-02
3.976557817247546034e-02
3.935541003696133022e-02
3.856296370343182539e-02
3.821915014260668375e-02
3.732164242954508215e-02
3.662921348256933940e-02
3.667934322450401574e-02
3.706684184536812587e-02
3.600385388639950474e-02
3.582935260196459804e-02
3.474643622144542310e-02
3.383521302546019238e-02
3.388603202599280856e-02
3.426693634344668560e-02
3.498266602212879439e-02
3.370679363795770628e-02
3.447499663165394523e-02
3.425527996041129175e-02
3.489185368084349315e-02
3.427550116231380811e-02
3.401691129614137221e-02
3.419680011349201382e-02
3.368092411502815464e-02
3.223281454791424722e-02
3.149500061978775800e-02
3.109762080722906080e-02
3.125129067779992137e-02
3.108931907995775984e-02
3.079022151382440967e-02
3.062740215007143940e-02
3.096065708802362912e-02
3.148521401038206768e-02
3.061848118771412150e-02
3.089647516107693614e-02
3.287021549055442471e-02
3.387441799512371648e-02
3.141154948060440738e-02
3.147614168226385567e-02
3.111027397769366293e-02
3.159912784383577672e-02
3.189194620329735552e-02
2.982722078583255679e-02
2.963467512658237227e-02
2.986384617284191037e-02
3.044659384680116140e-02
2.925106899913289260e-02
3.015154640053004792e-02
2.949867605879050170e-02
2.887358872578496896e-02
2.946381412677799225e-02
2.937900872365222654e-02
3.035325479323621942e-02
3.093452035541008338e-02
2.923317711950216072e-02
2.975012125695546475e-02
2.945205269323196776e-02
2.932143569639449748e-02
2.940012797989149593e-02
2.892855281170779447e-02
2.887048974955741532e-02
2.883184183240974224e-02
2.872427406066404426e-02
2.627171663103378477e-02
2.650751980040534986e-02
2.632130456101075544e-02
2.761057070734358396e-02
2.717595894052761765e-02
2.821721319770087444e-02
2.747094274054810020e-02
2.717747492345294613e-02
2.663703289123004608e-02
2.689490708870046973e-02
2.551921968146985895e-02
2.651562503950025823e-02
2.757829368840444481e-02
2.602348045671495913e-02
2.744232803657945668e-02
2.772342079622899108e-02
2.707252725278137123e-02
2.852717912561759939e-02
2.756180802656168355e-02
2.703432031890351528e-02
2.723063488594842929e-02
2.743461594277332022e-02
2.843351227639455414e-02
2.852616450754342711e-02
2.747558312778994316e-02
2.854145429849624244e-02
2.833828572904403473e-02
2.879127479692094801e-02
2.737884900130913707e-02
2.736525454374529737e-02
2.786649523122990482e-02
2.852923572081101158e-02
3.013098420682834913e-02
2.956083923726137916e-02
2.911303311312772590e-02
2.847638048359240129e-02
2.943285122016665867e-02
2.847532391316149464e-02
2.696406559024830049e-02
2.742517267535550876e-02
2.622600546431944762e-02
2.726368928272704037e-02
2.730296756405267353e-02
2.766124610655957758e-02
2.874371133564481220e-02
2.821350568333878817e-02
2.742273796205921613e-02
2.628118167323337945e-02
2.640064171294962889e-02
2.597008854417036036e-02
2.635681652561120206e-02
2.662971494662911762e-02
2.592076763426532857e-02
2.700162999717110185e-02
2.710702196984692003e-02
2.518045062831234318e-02
2.701689961171499857e-02
2.766983154858492291e-02
2.849411620214715654e-02
2.833110872589164608e-02
2.763374040542820875e-02
2.689750415934495306e-02
2.779253641166139557e-02
2.622726352425743673e-02
2.714682791140883220e-02
2.655730629304802956e-02
2.695404018814839819e-02
2.728920060492541141e-02
2.680984316334021969e-02
2.578393026367583815e-02
2.701107586367401323e-02
2.708744612670818674e-02
2.814736974387947732e-02
2.837488655135872104e-02
2.723397322425891512e-02
2.621344182807869988e-02
2.687948789668158020e-02
2.651020022674166476e-02
2.757046114977508566e-02
2.717753649563132978e-02
2.591679193749172466e-02
2.558574409317658852e-02
2.490720711910660717e-02
2.545254956774949465e-02
2.592819463153930165e-02
2.613397266002233030e-02
2.699819137291752796e-02
2.814611236936723909e-02
2.914349746791096429e-02
2.833459428623622683e-02
2.832977165072876266e-02
2.800132721440579814e-02
2.744571645647973443e-02
2.655068324030180477e-02
2.552215474250407387e-02
2.464804452817488667e-02
2.524560391217606919e-02
2.582600375335717541e-02
2.639994662216551408e-02
2.750469666738486127e-02
2.741467263485177636e-02
2.836628215889085841e-02
2.867165957546135083e-02
2.796509680887544411e-02
2.791481504381183518e-02
2.680553260932168336e-02
2.845846310109838989e-02
2.808676991095953451e-02
2.712215475967021464e-02
2.651026759165553415e-02
2.516616198051575132e-02
2.661154334798161714e-02
2.719504525299756836e-02
2.758287197134951657e-02
2.710854347566225842e-02
2.687960915910308016e-02
2.738959868575671641e-02
2.765431684120735895e-02
2.867782920133564797e-02
2.731853435476692959e-02
2.711335720544968617e-02
2.639499776539100048e-02
2.693121519853196311e-02
2.689600182830564901e-02
2.728192543939805467e-02
2.635325716024711912e-02
2.539422905529455099e-02
2.625285995588358401e-02
2.634768272076026471e-02
2.591332368659424179e-02
2.644030102880031569e-02
2.631862357909990971e-02
2.688724994383568170e-02
2.620428075991741018e-02
2.685000409964379692e-02
2.777054285546963833e-02
2.712014004631083455e-02
2.684201405203076596e-02
2.672861561235785263e-02
2.673388836491604609e-02
2.715587352779415264e-02
2.711161804549920215e-02
2.721590141039104474e-02
2.690931089941177648e-02
2.668788607299637031e-02
2.738635794430485659e-02
2.821354652201181479e-02
2.740935649099165983e-02
2.722044665314910655e-02
2.620439175567441589e-02
2.756935916450574051e-02
2.831401656205909112e-02
2.743520305654624861e-02
2.708430282439383899e-02
2.642810674529668877e-02
2.735482219579889532e-02
2.722069182271229931e-02
2.636367515497722164e-02
2.658873927803927228e-02
2.678397786312147755e-02
2.715405909878594592e-02
2.711721026341915031e-02
2.656213129016246274e-02
2.734329199538755237e-02
2.749446375795351616e-02
2.781240686793470113e-02
2.805368318133125843e-02
2.788276651749688542e-02
2.816775558783789213e-02
2.732522333019656718e-02
2.563521262787757382e-02
2.583320781748393510e-02
2.647844074900475644e-02
2.559882907339221941e-02
2.513622364720493468e-02
2.498634742365920744e-02
2.636894844827722406e-02
2.547426472537217892e-02
2.722714028417978077e-02
2.642646528326717675e-02
2.654037467007136150e-02
2.729729308133312798e-02
2.629475054591011093e-02
2.708569635532279835e-02
2.687346858465765320e-02
2.750643849506423724e-02
2.893355298162131675e-02
2.928222153598234595e-02
2.833615984069445121e-02
2.845596713305106190e-02
2.744451007385981245e-02
2.756105794279024163e-02
2.666886529431369834e-02
2.715501156128817192e-02
2.546997632419480129e-02
2.471277654753408631e-02
2.597625351089512952e-02
2.558913950505759330e-02
2.675228561871667229e-02
2.733640655939212002e-02
2.811122516224074178e-02
2.751951600314750043e-02
2.821244037956971776e-02
2.721827630479030369e-02
2.778619623151047657e-02
2.900591830975613253e-02
2.907214031089094472e-02
2.955744013500703760e-02
2.809439088719418651e-02
2.806653058587027863e-02
2.817638109673721233e-02
2.756059929212763965e-02
2.596438653143277875e-02
2.692444838515116110e-02
2.783592820018581174e-02
2.690850671620838644e-02
2.679652715934603691e-02
2.720024802427513030e-02
2.706211816389987590e-02
2.667754532784554974e-02
2.673243607796323140e-02
2.831286283747653718e-02
2.822156860284759025e-02
2.716821851726771569e-02
2.705662059470925404e-02
2.688482242984711196e-02
2.856177600032785285e-02
2.791327797985239043e-02
2.701022303603500124e-02
2.810664945116673336e-02
2.813692964676719338e-02
2.694726025293557245e-02
2.766121639351354702e-02
2.749218889649253025e-02
2.745440722957863400e-02
2.792526736003232354e-02
2.668388981165401713e-02
2.733001669590714999e-02
2.680741189372072564e-02
2.651017607748848079e-02
2.666542257873870392e-02
2.615580621364899452e-02
2.669504057714525147e-02
2.648641498231927432e-02
2.548456223024570325e-02
2.527805219526610067e-02
2.538179766017115840e-02
2.588812306492606005e-02
2.497071427832090601e-02
2.542955049854188701e-02
2.680450203607550805e-02
2.595477465197210468e-02
2.469713076476979380e-02
2.567317709560039407e-02
2.483070970367128039e-02
2.531318815675966463e-02
2.579690310423048485e-02
2.688641461209615932e-02
2.635530930163410002e-02
2.699321901728037390e-02
2.607548544304930799e-02
2.560091581015253026e-02
2.485713540160169877e-02
2.453418017863012376e-02
2.530382911550219105e-02
2.617854095578729667e-02
2.753499686579874775e-02
2.708007182540033905e-02
2.781850911304941179e-02
2.843008947594399469e-02
2.955819417757912793e-02
2.952296054438334830e-02
2.943349653500093588e-02
2.783924492860926497e-02
2.637804533489487152e-02
2.511511432489055631e-02
2.579612175834998175e-02
2.652228188700674061e-02
2.738478866294578873e-02
2.790690764896887680e-02
2.921456069193741761e-02
2.964581488996512540e-02
2.855501775308887102e-02
2.846251826115618264e-02
2.834683336545226404e-02
2.872282594137987380e-02
2.822154091487056801e-02
2.741265048231041057e-02
2.607058138885588738e-02
2.626511447449459205e-02
2.696819917035704270e-02
2.698181147567367197e-02
2.775202805281784535e-02
2.819751022464701828e-02
2.768640647423949164e-02
2.714158759521712039e-02
2.855699171218006524e-02
2.707759319619844687e-02
2.601286787478561055e-02
2.679972572368508055e-02
2.671561402267668209e-02
2.615942666468811309e-02
2.683312496328552413e-02
2.694323926385580603e-02
2.755239839700310972e-02
2.614715654391352659e-02
2.621647970991577981e-02
2.640894127748187950e-02
2.620993610087516898e-02
2.630222853298918792e-02
2.651925943018991483e-02
2.823502411373054327e-02
2.880469739818755648e-02
2.765608570658982523e-02
2.686806289694579353e-02
2.836571609531963675e-02
2.894681797646411411e-02
2.835114406035553133e-02
2.849782333718187469e-02
2.717283505907337401e-02
2.553193184620676862e-02
2.641567298075740006e-02
2.673723561472153218e-02
2.760314901470886650e-02
2.700507505951265860e-02
2.582276415125471514e-02
2.578914281193951316e-02
2.582303899919096909e-02
2.670083285057330003e-02
2.711189035682176271e-02
2.667219423186314303e-02
2.724365727074127413e-02
2.766990125771100206e-02
2.765889291792395302e-02
2.757411029503043301e-02
2.820278414118456561e-02
2.845394892689559474e-02
2.831390667153592389e-02
2.781979413509869797e-02
2.811678281623750802e-02
2.660474924362410398e-02
2.752022236359934551e-02
2.747434437771436103e-02
2.752620458429672415e-02
2.738172882881036857e-02
2.693338704469250278e-02
2.692803575065179020e-02
2.767059461783680924e-02
2.739471691598870454e-02
2.724576071782590370e-02
2.683931726522868072e-02
2.745973106230480479e-02
2.792385860450972632e-02
2.909323069672182377e-02
2.848721088424276474e-02
2.848802014256320014e-02
2.725806065909846740e-02
2.776963227578510898e-02
2.674742585562426417e-02
2.644005044071147045e-02
2.593456200979377818e-02
2.687459757172651342e-02
2.671141805566053934e-02
2.616307626403827080e-02
2.614754977117594512e-02
2.662737983829741029e-02
2.705716965539336355e-02
2.671848316839656873e-02
2.652528039133350210e-02
2.749735325573412006e-02
2.692206497020061332e-02
2.686104472042273247e-02
