1.666666666666665464e-01
1.655721214589248869e-01
1.636681213176999772e-01
1.613058187010265876e-01
1.582894042402307466e-01
1.553129898623986649e-01
1.519701433929057377e-01
1.474645419452581818e-01
1.434503315572397131e-01
1.393142699767366544e-01
1.347048406773009022e-01
1.312277919069500809e-01
1.270811096300089871e-01
1.236161139028545686e-01
1.201638895078145919e-01
1.162461920928496151e-01
1.128027837906841468e-01
1.103674819296017878e-01
1.079532063482135373e-01
1.057210165192791623e-01
1.035186486021564822e-01
1.013127942322906705e-01
9.977207269381556387e-02
9.825788154109207917e-02
9.700949865752010737e-02
9.613654355920851768e-02
9.552870513357573923e-02
9.491194495991192581e-02
9.436015723360925700e-02
9.369085582941920343e-02
9.315510138385496575e-02
9.265100214905913623e-02
9.184357001910914420e-02
9.132008183072844176e-02
9.111809286530929419e-02
9.049038323474435652e-02
8.995695591750189901e-02
8.963484704825631921e-02
8.910312548021227796e-02
8.841441629851307105e-02
8.782668428580286957e-02
8.710763668053771169e-02
8.627250004300718311e-02
8.535079669034383032e-02
8.473683967342943157e-02
8.380612120775354779e-02
8.330748596113973781e-02
8.230550335437809839e-02
8.102508566928648404e-02
8.019270403113308576e-02
7.909283220375026846e-02
7.783554485481222751e-02
7.686332658836783627e-02
7.552951288786370621e-02
7.450559086432190226e-02
7.347165161585243742e-02
7.241386196159539657e-02
7.102654703157726401e-02
6.983442019871564932e-02
6.894481734847714149e-02
6.788055241337800916e-02
6.698909635626301706e-02
6.617213112190251101e-02
6.531001615434649243e-02
6.464921181566152253e-02
6.396373583516797023e-02
6.334369623953872708e-02
6.268816155616759034e-02
6.201326188941653356e-02
6.121286825029729345e-02
6.053467150713451317e-02
5.989283199095647714e-02
5.926682235314692515e-02
5.864903275222625029e-02
5.805494229909579501e-02
5.730359539648310213e-02
5.675453191769512518e-02
5.580013756862014368e-02
5.511526377792248105e-02
5.433929221019132005e-02
5.379988983021902899e-02
5.301403896560680229e-02
5.273632537071392540e-02
5.214199923193727632e-02
5.160258968184946310e-02
5.146953802703610470e-02
5.069003237546569618e-02
5.009608827097414285e-02
4.971929094588244807e-02
4.939467249428419748e-02
4.887339566234044641e-02
4.848553516644244638e-02
4.803623350415232168e-02
4.756979034952764362e-02
4.704554193023344905e-02
4.677831737354196801e-02
4.620829483225426249e-02
4.572916605397087109e-02
4.557697691549503216e-02
4.520493227123280333e-02
4.502923379860037517e-02
4.459690241822172885e-02
4.375101983049834581e-02
4.336735466723672799e-02
4.264605701374182822e-02
4.225358545809517613e-02
4.284065292550932880e-02
4.292442365189810816e-02
4.229255711994762967e-02
4.238103745216736939e-02
4.231479696929994067e-02
4.231468364960692258e-02
4.201268311656805587e-02
4.186824528179624444e-02
4.166039451452634851e-02
4.093045896728293720e-02
4.039371542530619669e-02
3.971689369183421803e-02
3.936349433761830025e-02
3.892211315449357195e-02
3.844257681304285440e-02
3.821380198546316803e-02
3.804041057423493410e-02
3.780640693763497734e-02
3.766011126610985249e-02
3.734195277559795162e-02
3.704844396543307411e-02
3.670709853752949364e-02
3.649932001230608847e-02
3.611921794769579891e-02
3.570365074801447325e-02
3.532734527281113091e-02
3.485340998536717860e-02
3.429613869935212167e-02
3.368103512725145743e-02
3.317316630852751996e-02
3.301711513453433472e-02
3.300346091129608556e-02
3.303593973833827274e-02
3.319765445688482169e-02
3.321834984617171027e-02
3.334309118233812208e-02
3.314034345423742811e-02
3.345323713925946185e-02
3.329209402808312734e-02
3.303799661467878707e-02
3.282527162100188495e-02
3.295489228749784449e-02
3.304777382213248960e-02
3.297952177415022085e-02
3.299518087744671146e-02
3.296223853178031210e-02
3.282403314817681356e-02
3.257203489608726660e-02
3.251635048948677692e-02
3.236690489857555614e-02
3.189030778792636273e-02
3.151960065993633653e-02
3.142752435215732942e-02
3.124445984124737258e-02
3.120681315638621639e-02
3.132608770588163338e-02
3.092649592626859831e-02
3.105486704483850433e-02
3.111381638344989584e-02
3.146868734019705321e-02
3.156870220025067425e-02
3.127993194776299696e-02
3.117384774106035997e-02
3.092517493190473019e-02
3.040577046206601602e-02
3.040706442839411633e-02
2.986050869015000400e-02
2.940565643732850551e-02
2.889720958190526018e-02
2.817312813870767943e-02
2.818320097881773720e-02
2.780627000783194441e-02
2.804259525163771763e-02
2.821096940708171796e-02
2.885261381203744341e-02
2.953721257547636814e-02
2.923212885327957505e-02
2.894243675457481776e-02
2.896077934812835153e-02
2.898552999696407326e-02
2.873600347577020056e-02
2.873395369055085913e-02
2.910885695145042779e-02
2.967985995524532322e-02
2.943556129161868304e-02
3.020164666983425616e-02
3.016912827599922339e-02
3.023988752025083201e-02
3.040725415815166005e-02
3.008405613524902170e-02
2.978800575409683293e-02
2.990842452945313354e-02
2.925904544825480916e-02
2.890856241282589029e-02
2.807830932643167951e-02
2.769230629526203344e-02
2.741764702057582562e-02
2.704250870647919441e-02
2.698642108644880994e-02
2.701248698268929327e-02
2.733608199045091044e-02
2.756154201798865014e-02
2.781222371980889008e-02
2.787058472727870287e-02
2.761120634776391414e-02
2.768331351990500205e-02
2.717511049433545683e-02
2.752993694106758288e-02
2.720206157691257981e-02
2.712365222902446762e-02
2.713255074295810657e-02
2.693917892449140816e-02
2.723087965339783187e-02
2.739086294762729107e-02
2.789316529890426000e-02
2.834822644711439132e-02
2.794163767218698496e-02
2.830979160228282165e-02
2.912829913107135849e-02
2.897619270531437766e-02
2.923602906481749530e-02
2.959909025125282908e-02
2.994858501318932442e-02
2.976146781840067340e-02
2.977234879535297155e-02
2.902742014306896462e-02
2.872988116290336319e-02
2.815405351214171278e-02
2.811272302765497819e-02
2.796094963109401269e-02
2.794272467127188395e-02
2.779491285155918576e-02
2.700931973059489746e-02
2.710511198032329247e-02
2.741980402847798981e-02
2.775167699286870335e-02
2.796846098973362893e-02
2.776482652654170893e-02
2.779758012117785129e-02
2.887502375115836087e-02
2.921906631558270073e-02
2.984463971156773449e-02
2.997783489981659805e-02
3.015160608208146409e-02
3.032208905962519019e-02
2.936450420342197679e-02
2.833130173396165852e-02
2.882359685099905935e-02
2.893505674985920664e-02
2.844992123636650577e-02
2.787660709642698909e-02
2.734164933028182531e-02
2.692688116828256470e-02
2.659783516213941670e-02
2.677723994353642389e-02
2.739017976865268378e-02
2.838034657875594668e-02
2.918515882771811551e-02
2.889609218547206301e-02
2.906693490137031086e-02
2.903615870781207572e-02
2.948864737370499381e-02
2.960554822042883380e-02
2.971962809200488081e-02
2.906337726796754534e-02
2.884902007651074865e-02
2.848652760942758239e-02
2.844948416630568161e-02
2.845600504862382668e-02
2.849927472586745447e-02
2.860231914882425605e-02
2.833655129421262103e-02
2.790147931649727270e-02
2.737247659712327766e-02
2.736273601329812510e-02
2.785357542554873361e-02
2.829351461957921310e-02
2.813868059015757830e-02
2.885990976203338387e-02
2.868702807216946815e-02
2.830894649577541181e-02
2.793133881204670765e-02
2.804215176166650197e-02
2.808183060397442116e-02
2.737568822930134399e-02
2.714681612274225109e-02
2.712826942761747961e-02
2.737886364724354676e-02
2.749980307220286843e-02
2.852024514256375209e-02
2.877323361862585763e-02
2.913887994306572915e-02
2.890065596792363786e-02
2.967138976738099843e-02
2.984616323677787703e-02
3.049398587063979413e-02
3.100004337373763255e-02
3.139424659179002736e-02
3.173210666586945977e-02
3.158882303637445405e-02
3.112999711450990456e-02
3.058251474629463187e-02
2.973259248390451581e-02
2.889789558265173572e-02
2.934669592921400685e-02
2.991670209672379899e-02
3.037499068038370525e-02
3.100861144525118504e-02
3.123398225974298448e-02
3.079498521677410949e-02
2.992995393249000061e-02
2.937097527756049598e-02
3.024358369654142273e-02
3.029793062688689378e-02
2.975093606382869446e-02
2.974191422280959840e-02
3.050392467371634830e-02
3.071527251471360687e-02
3.068906930215685447e-02
3.124565602074835455e-02
3.099536287513020294e-02
3.118414911763372696e-02
3.114294134768231040e-02
3.086585478768294130e-02
3.142476188587209340e-02
3.057833584694828744e-02
3.014093486911499989e-02
3.008161128724580122e-02
2.978596525828382940e-02
2.928893368615969814e-02
2.916206350689766816e-02
2.936568190370621168e-02
2.963923209456317820e-02
2.939137071291114331e-02
2.971175208614659086e-02
2.967378042357918244e-02
2.986381065321217984e-02
2.970436180185799871e-02
2.922681255274433079e-02
2.902809026145125593e-02
2.861172251274369041e-02
2.873511214581631751e-02
2.827285791339054222e-02
2.873047537498363280e-02
2.883194227612525390e-02
2.915876591014697136e-02
2.933782990962847601e-02
2.950106500411382726e-02
3.015939219198499402e-02
2.949568826671900013e-02
2.916933843602587464e-02
2.942219002013075208e-02
2.938817070866489925e-02
2.875155802235175584e-02
2.887722119938576984e-02
2.944276649209263963e-02
2.909570258042613877e-02
2.931760510975216227e-02
2.911750575210484207e-02
2.852711570422903839e-02
2.877923581304950296e-02
2.898131619393275182e-02
2.953105994055054556e-02
2.992616918375564858e-02
3.014313615320581702e-02
2.990755298613518784e-02
3.041916810797590590e-02
3.120882412253206048e-02
3.129854388145524718e-02
3.145966999725165192e-02
3.116916117397323938e-02
3.145603586783130706e-02
3.102342313734414436e-02
3.149482783172575379e-02
3.145101962475523732e-02
3.175823440999891306e-02
3.088073681352806327e-02
3.112310814474261375e-02
3.125144750363137436e-02
3.066603461228402383e-02
3.051624164720891791e-02
3.011799751173047796e-02
2.919311953961253522e-02
2.934412003092908006e-02
2.942829808465409480e-02
2.984419788293705272e-02
3.032408847836016649e-02
3.074298410475931678e-02
3.031694047075267698e-02
3.033358005374744287e-02
3.013232804260238332e-02
3.034523178038225216e-02
3.132619463095733664e-02
3.088831152305609312e-02
3.011580494346629763e-02
2.977397775458423893e-02
2.994579395824769133e-02
2.948869105196527327e-02
2.971513606773518862e-02
2.969348072608124153e-02
2.917234892003926425e-02
2.864647026118328013e-02
2.888690260294703854e-02
2.932967324188932856e-02
2.961201986601679284e-02
2.970778330709059403e-02
2.956491667662326794e-02
2.933733267155669289e-02
2.894382286031471282e-02
2.860799391983032819e-02
2.805583780459934909e-02
2.773365073954935436e-02
2.713830412775776815e-02
2.723959505020673993e-02
2.755522455704796300e-02
2.776993130418802316e-02
2.869060462146777804e-02
2.926129308283063890e-02
2.930317955350972975e-02
2.937720757854677886e-02
2.978687508370357617e-02
3.002092378556220700e-02
3.005449328556447294e-02
2.979551854387486529e-02
2.944895090076417310e-02
2.850810587811994715e-02
2.785709030466505115e-02
2.750724168131947825e-02
2.758193656265670035e-02
2.779773753201866815e-02
2.764701807783284324e-02
2.782983942970114130e-02
2.806209732322963515e-02
2.821964678425885678e-02
2.844094133022411972e-02
2.816254198414160428e-02
2.766011576659408930e-02
2.772337264943991117e-02
2.760225210856054670e-02
2.756017448210553930e-02
2.713239157794319553e-02
2.666028145096376034e-02
2.666605509935198251e-02
2.741645228367676351e-02
2.847381097781631620e-02
2.815529119711376524e-02
2.741147431843118931e-02
2.720550556492829300e-02
2.705491015442057848e-02
2.675472089560947467e-02
2.650807631793122496e-02
2.668339530354395250e-02
2.729907977581823644e-02
2.702291466495606448e-02
2.718262298854220993e-02
2.753464273941151619e-02
2.817727788395706090e-02
2.877991168806016964e-02
2.899799012439920054e-02
2.833334621325071800e-02
2.875129897844329666e-02
2.910907527485574742e-02
2.939332751671925106e-02
2.899104545301573951e-02
2.933165962652155290e-02
2.969385817748695228e-02
2.934093385419738603e-02
2.917712812647801218e-02
2.852466480588695952e-02
2.774927752788580379e-02
2.720146533932729649e-02
2.719559562942534814e-02
2.810303611947968100e-02
2.815189521879013848e-02
2.849091007706516451e-02
2.870854516783320765e-02
2.932084026462948925e-02
2.968672622530935112e-02
2.978373121935462900e-02
2.928981314699606944e-02
2.920026811451774396e-02
2.905539572540670815e-02
2.876454738289335386e-02
2.922140948997646592e-02
2.971415975740385879e-02
3.017733232894618048e-02
3.004682725008683136e-02
2.989125582015268734e-02
2.978119552168584719e-02
2.996072919195098827e-02
3.017553837254375454e-02
2.924937751102225231e-02
2.932107448607991149e-02
2.967453046505200490e-02
