1.666666666666665464e-01
1.661001882877791713e-01
1.651380451318384124e-01
1.640634170133001279e-01
1.628436182098318696e-01
1.616619914989353701e-01
1.604270852048070017e-01
1.592544347230313295e-01
1.581176047925354211e-01
1.570941568529618526e-01
1.560609025531582705e-01
1.550246043125135809e-01
1.540384649621672764e-01
1.530602753580885267e-01
1.521286732100476102e-01
1.512107371486411389e-01
1.503461258314916782e-01
1.495733640702903433e-01
1.488613546927197995e-01
1.482030903876192796e-01
1.475534188779784595e-01
1.469094907665811356e-01
1.463413042714813705e-01
1.458177489295665874e-01
1.452469087112528701e-01
1.447569829194332025e-01
1.442648849703555558e-01
1.438372358394927886e-01
1.433873018106803787e-01
1.429629564927260010e-01
1.424992981710436202e-01
1.420224891849145576e-01
1.415631989677575975e-01
1.410191383785901476e-01
1.405165584910542387e-01
1.400829333434983615e-01
1.396626965312443847e-01
1.392235655979136566e-01
1.388007391273519686e-01
1.383131698261503839e-01
1.379085187549372593e-01
1.375136100215607615e-01
1.371306918427349919e-01
1.367401094110275994e-01
1.363320664273131588e-01
1.359421162647294901e-01
1.356015853743811339e-01
1.352073440376741209e-01
1.348209667164874670e-01
1.344377962539732296e-01
1.340612630696796093e-01
1.337535818565537549e-01
1.334536875056200333e-01
1.330862481659879915e-01
1.327165466071940636e-01
1.322420317600588591e-01
1.318761542147060262e-01
1.314416207854941787e-01
1.310523644711200919e-01
1.305749255456671587e-01
1.301167097305775400e-01
1.296762433846921914e-01
1.292441565953760252e-01
1.287967623091951785e-01
1.284449225204753464e-01
1.280632490379988719e-01
1.276454516955285168e-01
1.272616325673173177e-01
1.268940719719348909e-01
1.265243755094260514e-01
1.261665794046145372e-01
1.258028944590466880e-01
1.254582570553072207e-01
1.249881708127630053e-01
1.245492142355268533e-01
1.242737366810196115e-01
1.239283587318405766e-01
1.235900057793696549e-01
1.233105538685776853e-01
1.229397797054794378e-01
1.224908920999199374e-01
1.221522581155762843e-01
1.217984310555682431e-01
1.214322442230720417e-01
1.210354996846485093e-01
1.206417602268331085e-01
1.202451115410793359e-01
1.198486570097365700e-01
1.195002175029053482e-01
1.192238126267414766e-01
1.188329813160708404e-01
1.184720345621899512e-01
1.181232937307046121e-01
1.178114858768589124e-01
1.174798954269871826e-01
1.171987453662612505e-01
1.168224628723644742e-01
1.164766071033482425e-01
1.161058666702145248e-01
1.157627104267111018e-01
1.153995059914074001e-01
1.151102997926810867e-01
1.148547370322868799e-01
1.145957365665937616e-01
1.142850606265763541e-01
1.139585173976710164e-01
1.136604149917977286e-01
1.134085491934943984e-01
1.131547477987705497e-01
1.129588205092174752e-01
1.126464050506064546e-01
1.123195962176779111e-01
1.120175999304421077e-01
1.117268603031197072e-01
1.114826612113662685e-01
1.112052758264878011e-01
1.108764783217466576e-01
1.105860313203203965e-01
1.102878105013644777e-01
1.100295624823947049e-01
1.097138016557989981e-01
1.094905648831971251e-01
1.092561198280999901e-01
1.089749826851344333e-01
1.086948499746229896e-01
1.084786910122297610e-01
1.082129036098847252e-01
1.079073310994701634e-01
1.076298692606350443e-01
1.073829949098007996e-01
1.071557983900374433e-01
1.068991924880377253e-01
1.066608405443900398e-01
1.064079303418303674e-01
1.061828216311286321e-01
1.060154989140002502e-01
1.057523483626808258e-01
1.054651541375303120e-01
1.051514946125602923e-01
1.049656898839370772e-01
1.046915110180266090e-01
1.044684514458717600e-01
1.042839697010766592e-01
1.040982441522747548e-01
1.039081640855461508e-01
1.037286637544578421e-01
1.035115565487777917e-01
1.033286403683791321e-01
1.031575942282065839e-01
1.029556670597755463e-01
1.027970671889560927e-01
1.025991093854067004e-01
1.024394828113415201e-01
1.022803632607098001e-01
1.021353279919033769e-01
1.019455282623609460e-01
1.017431554418325307e-01
1.016057872035124460e-01
1.014565520319464786e-01
1.012463078790987042e-01
1.010394264331810760e-01
1.008582900434607521e-01
1.006740230410581166e-01
1.004606546452259802e-01
1.002878114533033854e-01
1.001096267238749810e-01
9.991762329311837387e-02
9.972596849528722607e-02
9.955087798753442518e-02
9.941153727590672229e-02
9.926444918108315307e-02
9.913189399523451850e-02
9.899544852590823341e-02
9.885307696518021159e-02
9.870590101472256905e-02
9.853416122422956058e-02
9.832121324141912533e-02
9.814870579259497851e-02
9.799924484651603707e-02
9.782732027453049095e-02
9.759463482255005540e-02
9.734212595891340858e-02
9.713070050328979910e-02
9.699781949923867719e-02
9.685647833641289339e-02
9.674049779455554110e-02
9.658432230127093898e-02
9.644158228137278410e-02
9.631209978318652776e-02
9.619588994096854584e-02
9.607369691578059034e-02
9.596252049177123045e-02
9.585855629633212305e-02
9.570880113945288981e-02
9.554201345526466826e-02
9.535793931966306258e-02
9.518345813975045977e-02
9.504088118551783093e-02
9.491938720255195527e-02
9.477301977666546806e-02
9.463711862467004410e-02
9.449990330170975061e-02
9.435017488846279832e-02
9.424058802408062652e-02
9.407519686261366088e-02
9.388807263160180161e-02
9.377307628178095655e-02
9.363455342818333138e-02
9.353687471459545821e-02
9.342401714291898029e-02
9.331363999697311895e-02
9.318164176265746057e-02
9.305289818445261485e-02
9.292188307311739781e-02
9.279342445679360230e-02
9.267436889730663874e-02
9.252086567636039205e-02
9.237465207957326618e-02
9.223680352772373192e-02
9.211643996426112369e-02
9.200371811097145247e-02
9.186564441880629150e-02
9.165253122051832124e-02
9.151444139676671863e-02
9.139760950308589704e-02
9.130593607083162255e-02
9.122289053841380058e-02
9.111929701374163471e-02
9.100969014713192196e-02
9.088707236398221867e-02
9.077399872765523625e-02
9.073261433429412326e-02
9.069085097458477740e-02
9.067120164542774585e-02
9.063095051920760925e-02
9.054645401404122496e-02
9.045918959387452829e-02
9.035501569306178538e-02
9.024443683043906206e-02
9.016892507615549557e-02
9.006333450408859909e-02
9.000095378671332802e-02
8.994303254671470738e-02
8.983455431511989941e-02
8.971324945612163537e-02
8.959587646313130205e-02
8.953821325357579075e-02
8.943162745184105034e-02
8.933931921381187136e-02
8.917577954884242653e-02
8.902984668737728979e-02
8.891594669739401324e-02
8.882149100833679201e-02
8.873709017501285601e-02
8.861264152231793090e-02
8.845186843451553760e-02
8.827233506806657359e-02
8.813753108282336435e-02
8.798812164841224304e-02
8.785656378091738494e-02
8.775481534935085370e-02
8.764601415231493275e-02
8.748586768287140714e-02
8.734094480859917742e-02
8.722560960026118360e-02
8.708726511957300132e-02
8.696777309844393178e-02
8.681481459116392740e-02
8.670446514856028353e-02
8.660245647734397811e-02
8.647927094376721413e-02
8.635633403759347682e-02
8.627775041001446710e-02
8.615707368163860735e-02
8.604086474226195491e-02
8.591757173456254781e-02
8.587667666873423367e-02
8.582946281847095293e-02
8.577784353994889754e-02
8.566639030565903479e-02
8.558767325260221992e-02
8.548218455132212956e-02
8.539049423083101831e-02
8.533046743340311213e-02
8.533622375684452033e-02
8.531893767321940825e-02
8.526860068173226781e-02
8.520119700269634944e-02
8.511909089114219618e-02
8.502883326411225795e-02
8.492811963660856778e-02
8.483240022555751936e-02
8.473822770585894004e-02
8.462957517567977483e-02
8.455799671312100307e-02
8.447839994053159274e-02
8.440477751076380653e-02
8.428221105768059218e-02
8.416671002270542656e-02
8.408645499145786517e-02
8.404009492277549065e-02
8.396256887474606856e-02
8.383819357293850749e-02
8.374933182443729252e-02
8.366017280971033143e-02
8.361475967908182927e-02
8.351687638433709371e-02
8.342735367521664225e-02
8.328027993518412331e-02
8.314607334721037246e-02
8.304819057953614914e-02
8.295263837676035423e-02
8.285491917929686811e-02
8.279204175527604681e-02
8.276555571284119339e-02
8.271354769865423007e-02
8.259471926963560251e-02
8.242521089566900994e-02
8.233453329992401759e-02
8.225548684731204263e-02
8.221614494649127913e-02
8.216432423957571729e-02
8.208696766960066338e-02
8.203160516668357716e-02
8.195207487911471134e-02
8.188529143346960637e-02
8.184003646531916309e-02
8.182429379150446547e-02
8.176777820825358034e-02
8.167503584242556680e-02
8.155190751358373791e-02
8.150283368327521094e-02
8.147934364546222108e-02
8.141063910324707054e-02
8.130987594499568261e-02
8.122618535695962094e-02
8.119981446330971908e-02
8.115204429212757864e-02
8.110583983721340873e-02
8.109030985768514443e-02
8.100200330655564496e-02
8.087255575400030538e-02
8.074105722316700373e-02
8.061593187938390082e-02
8.051041403483653880e-02
8.038961690774984459e-02
8.024910735089248182e-02
8.008261113314599222e-02
7.993787692493298236e-02
7.978521665652847650e-02
7.963431911384828699e-02
7.958924079630921855e-02
7.949898632836432943e-02
7.941289881633545322e-02
7.935595154488937764e-02
7.928371972161601944e-02
7.919240063366085602e-02
7.908830217595880230e-02
7.898538290138876206e-02
7.888664937207748307e-02
7.877824085131397702e-02
7.869530544666722416e-02
7.860617902218323960e-02
7.847690039752282243e-02
7.839066051907175869e-02
7.833485655915135848e-02
7.824477856284103860e-02
7.820846599046731018e-02
7.816203160787303650e-02
7.809849781935324087e-02
7.804303983517182908e-02
7.797354872401120185e-02
7.785296063589729199e-02
7.770410606723010538e-02
7.759821707707438565e-02
7.747514964682711280e-02
7.735900476728203856e-02
7.725109450175815518e-02
7.715311449922909737e-02
7.699013226683618094e-02
7.684272980479722737e-02
7.670055942856970899e-02
7.660754443972428440e-02
7.650098679064717966e-02
7.638536068544361790e-02
7.624502003780243842e-02
7.614303485259815707e-02
7.604735962146887129e-02
7.596913970383166459e-02
7.590594332071112782e-02
7.582007086728910494e-02
7.574991296571133292e-02
7.566392072470029539e-02
7.556948969347249134e-02
7.548242859570251928e-02
7.539753685777755843e-02
7.531518638279301181e-02
7.521719624282435790e-02
7.511130460919618335e-02
7.502899781988939254e-02
7.491130688045799513e-02
7.477821022250615013e-02
7.469012693450166607e-02
7.459289336188063002e-02
7.450896277768942477e-02
7.440172405209576068e-02
7.426911063658345191e-02
7.415723821500055934e-02
7.406629155337246528e-02
7.397834023715027518e-02
7.386711788281012658e-02
7.374014948607671149e-02
7.366296595452252738e-02
7.353610722923108189e-02
7.343966772798400655e-02
7.332345321916494685e-02
7.321401217718957743e-02
7.308729912082111146e-02
7.298304449886269807e-02
7.289032257894488553e-02
7.280325644468747803e-02
7.274222327069380933e-02
7.263565248556903831e-02
7.249602984657620153e-02
7.238371855527828136e-02
7.230405052984147096e-02
7.221172468279833667e-02
7.210571044744223945e-02
7.198158109710732500e-02
7.189332131284245642e-02
7.181623595902357493e-02
7.172451470531085449e-02
7.165454318862087002e-02
7.157280622849775120e-02
7.146233753429828695e-02
7.131650654423228597e-02
7.119017606444114077e-02
7.110380701738640286e-02
7.099017431282647617e-02
7.088038606228022620e-02
7.077477268168774760e-02
7.072048811740742902e-02
7.062656805394108839e-02
7.052797745407833607e-02
7.043028627861619428e-02
7.032581174026694693e-02
7.023155335099176555e-02
7.011584117204294753e-02
6.999961776152045789e-02
6.986725262820518700e-02
6.975806743729728865e-02
6.962173351414664701e-02
6.949789722520800794e-02
6.941998380036049077e-02
6.931885263030136690e-02
6.924831168176673324e-02
6.918452940493882708e-02
6.916262514209994827e-02
6.917174988945265501e-02
6.913498901244646833e-02
6.909382414212295043e-02
6.900437019171069830e-02
6.894083908034394359e-02
6.883872586678733974e-02
6.877867899299329457e-02
6.869062454687245578e-02
6.860374625092097167e-02
6.848998854723008234e-02
6.847074846923878466e-02
6.842719418507973994e-02
6.835400722207066182e-02
6.829761295730425730e-02
6.819104104611195538e-02
6.809028193106793359e-02
6.796657520661390783e-02
6.787395943003407539e-02
6.773091404132090820e-02
6.766135904958313352e-02
6.760404993755093905e-02
6.749874178291985494e-02
6.739129545555958001e-02
6.724607304650898065e-02
6.711015623285107590e-02
6.704468524239196037e-02
6.695731786029121557e-02
6.685655015695256276e-02
6.673087492154977651e-02
6.663844768251701856e-02
6.652815766562972244e-02
6.642180314923264162e-02
6.633290965164378994e-02
6.623937715369242196e-02
6.608980353564844479e-02
6.593162860464478470e-02
6.577265554368420808e-02
6.561985460629116140e-02
6.546078441035342588e-02
6.532513008053696113e-02
6.520075816550754966e-02
6.514982078769498974e-02
