1.666666666666664631e-01
1.653513136138522188e-01
1.626872578031017813e-01
1.595717834060272622e-01
1.557669440804006766e-01
1.525558248616579737e-01
1.494996280953710399e-01
1.458259469447822365e-01
1.427230251518478432e-01
1.401636539592200636e-01
1.383086382081798738e-01
1.364723532666968497e-01
1.341295305036258045e-01
1.323364142470957738e-01
1.305941068231345481e-01
1.293481906945709026e-01
1.282521955518055035e-01
1.270478936510519574e-01
1.260159504423049026e-01
1.247871542137727607e-01
1.233765223147843537e-01
1.222950345976936554e-01
1.211947469742905847e-01
1.201663039634444652e-01
1.186258205860701298e-01
1.177914956861532692e-01
1.168063600317025968e-01
1.155213030443253269e-01
1.145307231012297616e-01
1.136494630521098226e-01
1.126468714687544892e-01
1.120609431237363646e-01
1.118019229057921060e-01
1.112739030951459124e-01
1.108855169039553029e-01
1.102092329918453184e-01
1.092411725626917379e-01
1.084911895103271434e-01
1.074076567227983808e-01
1.063439507215894198e-01
1.056775815284451414e-01
1.048557007699358334e-01
1.040215314851723749e-01
1.031195482138598796e-01
1.024551238127097558e-01
1.019966325349525998e-01
1.013558605711705196e-01
1.011032134163054458e-01
1.010414040026274690e-01
1.008494970160466880e-01
1.002635302829466696e-01
9.965618249099231218e-02
9.915592285264518413e-02
9.870831483953106111e-02
9.849010064016053279e-02
9.796861492165351293e-02
9.782513534777702302e-02
9.711050796464747170e-02
9.689568750912083694e-02
9.655883995485034510e-02
9.615828094372202983e-02
9.596187308632464497e-02
9.555828492305568078e-02
9.588049196186811118e-02
9.540532104845804440e-02
9.500769002030180765e-02
9.456016623284037304e-02
9.397336333836586730e-02
9.336144109016877857e-02
9.272881645078573376e-02
9.201290225926060662e-02
9.222394072611572735e-02
9.205234763462011305e-02
9.238504550611546795e-02
9.203075742560937189e-02
9.167345639317582562e-02
9.139137629576525590e-02
9.111155179406471571e-02
9.080483908853334563e-02
9.037398223877163295e-02
9.007214065536631176e-02
8.913381476677997850e-02
8.891477462698173240e-02
8.908095460365983431e-02
8.838787665771988267e-02
8.810092024958338097e-02
8.816658135376358174e-02
8.802624514453201432e-02
8.791948207517760738e-02
8.724248799238643048e-02
8.669688695318665539e-02
8.689597251964287228e-02
8.638004394441668732e-02
8.570666597338189030e-02
8.591275619208905978e-02
8.611987389794448222e-02
8.594590869326047822e-02
8.588005512800639396e-02
8.559620310735999160e-02
8.510872215442516486e-02
8.423146329617553496e-02
8.405517742531913583e-02
8.371091992199343468e-02
8.395851002413834419e-02
8.394754683267223461e-02
8.396685176965858199e-02
8.338266593758959788e-02
8.273308593416127399e-02
8.246256268141728685e-02
8.282027399660432665e-02
8.216417489708366384e-02
8.176676868742781268e-02
8.141135627489687332e-02
8.250142796477547003e-02
8.261522903543189189e-02
8.221455317400339080e-02
8.164767662751440391e-02
8.100673615191635035e-02
8.093866434496245488e-02
8.049617077261894682e-02
8.030691113138674342e-02
8.045080927780419444e-02
8.045357986509683867e-02
7.972038723999511078e-02
7.870417779982810669e-02
7.827214913167127031e-02
7.876796935152553802e-02
7.883317408763609868e-02
7.853443133663823295e-02
7.798036585983329771e-02
7.745831136308675702e-02
7.769580619623155104e-02
7.739775541142417115e-02
7.735343255824186914e-02
7.758617852080215704e-02
7.726968829863165023e-02
7.805523230910615951e-02
7.806192488930972784e-02
7.778672371470746194e-02
7.694760565336207503e-02
7.679871082295147700e-02
7.670982583861934989e-02
7.673790125161156217e-02
7.639893811857324801e-02
7.569415762995876373e-02
7.625317918211432788e-02
7.567701358971219705e-02
7.546411923706068670e-02
7.551486274368571228e-02
7.550145929656118526e-02
7.538877445407128619e-02
7.497434333678434926e-02
7.510528645560174410e-02
7.453837965190902859e-02
7.452495240202966498e-02
7.506859146270743188e-02
7.552095094363521499e-02
7.588648111865162194e-02
7.569073454833194492e-02
7.601735412444225737e-02
7.651291306936584824e-02
7.710264493418877985e-02
7.717255482294066438e-02
7.699160389264325666e-02
7.655967745209799058e-02
7.571233715893516125e-02
7.545285093605157145e-02
7.464808183671221842e-02
7.437266948963328073e-02
7.485239761535282532e-02
7.511843130086875986e-02
7.497054294910855676e-02
7.506620410611629379e-02
7.510274999274808849e-02
7.524058673601978497e-02
7.511359289059595101e-02
7.496502327352939921e-02
7.569691559576491313e-02
7.382158250712468617e-02
7.491278528814240834e-02
7.585977308811339692e-02
7.490024784321175355e-02
7.380247418065569165e-02
7.453737295593881873e-02
7.605763901776577129e-02
7.655653608832548029e-02
7.687711902232818861e-02
7.615553398344576674e-02
7.513244165362235882e-02
7.550304120055878476e-02
7.471934200124949466e-02
7.449576381946956816e-02
7.360691404434262231e-02
7.397508400692533181e-02
7.475474482655265762e-02
7.450233259233841887e-02
7.577323659053662730e-02
7.517849465089961047e-02
7.455965339884394749e-02
7.368547858133804584e-02
