1.502228754432636815e-01
1.349427806035614907e-01
1.245731123884883662e-01
1.151988735842677386e-01
1.045914324327175959e-01
9.626501119751652846e-02
9.001396755159941920e-02
8.599705740215739247e-02
8.177385128830691463e-02
7.805132857035027016e-02
7.360687362998015459e-02
7.167590474460804051e-02
7.007572973109940651e-02
6.800817980211812386e-02
6.741865755820027062e-02
6.512554580917725988e-02
6.338934336632065514e-02
6.155604667710657535e-02
6.063476022465422166e-02
5.976418624794677115e-02
5.968441324741394216e-02
5.818029567847080030e-02
5.982791252184225389e-02
5.853435039294527936e-02
5.725454027490286396e-02
5.700947734462407518e-02
5.659728688665085355e-02
5.577863368197863436e-02
5.460594281057695037e-02
5.469832187509898747e-02
5.552241753048361983e-02
5.495589699014247209e-02
5.385811710082245851e-02
5.327572587290568817e-02
5.274461754552940695e-02
5.262270215974224064e-02
5.288331454284275757e-02
5.340004822519252292e-02
5.291153316846155391e-02
5.316756196960195635e-02
5.487015802220973626e-02
5.446682402201746820e-02
5.214047330272567060e-02
5.244783568386605921e-02
5.131188011523186987e-02
5.170755537066045598e-02
5.441793745096475121e-02
5.083773925833265372e-02
5.151565810929187306e-02
5.323267165883610597e-02
5.304160672274901844e-02
5.007733657334895172e-02
4.982547301100449105e-02
5.073356287743965853e-02
5.276348865525307130e-02
5.239441914608176931e-02
5.220893260095608307e-02
5.113748915021529978e-02
5.171539517208691150e-02
5.276964592061790527e-02
5.276690362177055560e-02
5.395053380970949580e-02
5.527550914489778172e-02
5.246286650214800062e-02
5.069996670934604627e-02
5.235858506293698117e-02
5.248944371306519391e-02
5.073698470315281955e-02
5.147135225869943487e-02
5.177255684501740063e-02
5.059290889267872848e-02
5.009330613854516556e-02
5.067192241222270854e-02
5.148642277523195893e-02
5.049996963582361470e-02
4.864577106905826342e-02
4.913499272930581252e-02
5.140747780932028443e-02
5.142947773761635810e-02
5.206176786524296246e-02
5.089242092911867854e-02
5.264443771961014457e-02
5.047626624199916257e-02
5.100692058706138982e-02
5.196986358642563530e-02
5.228954428266527343e-02
5.028452798699684090e-02
5.054306309161821220e-02
5.133384287065596852e-02
5.129287614273791290e-02
4.974997618731712840e-02
5.096076881885489712e-02
5.202908280255780227e-02
4.981847783560540421e-02
4.990323216353097918e-02
5.041331151329024596e-02
4.993202246627417157e-02
4.734238751404741541e-02
4.929590709340106458e-02
4.753199707560847725e-02
4.970741774894724824e-02
5.043245700779083740e-02
4.929316294052690089e-02
5.027442617278252146e-02
4.955050201025237855e-02
4.974023752391611153e-02
4.953510160986614175e-02
5.039753584149630344e-02
5.159133162202206996e-02
4.936929501909264467e-02
5.072926914952482352e-02
5.044870975679972835e-02
5.026704268076389454e-02
5.061773218901099297e-02
5.063190734496467171e-02
5.116668445675612298e-02
4.920545039513218172e-02
4.826984855275012060e-02
4.908613187458871208e-02
4.777778113182717945e-02
4.794406044186651228e-02
4.881429004875696698e-02
4.931721484760071689e-02
5.023853282286311339e-02
5.098778868724337943e-02
5.069646683458984421e-02
5.081294261739456586e-02
5.179963916574264332e-02
5.086161498717659685e-02
4.842007618264401042e-02
4.820234140028928360e-02
4.968651037512621105e-02
4.956842040129361832e-02
4.837638442639073666e-02
4.885776094965080252e-02
4.842161100990709927e-02
4.834562696575753216e-02
4.728881596522800657e-02
4.814783378637815803e-02
4.817306224408628157e-02
4.958149530372042701e-02
5.020326973442647278e-02
4.938004658009687714e-02
4.738804032333417821e-02
4.811184176181981104e-02
4.784075766060477686e-02
4.649953833651705726e-02
4.795401791827914179e-02
4.785720832115064605e-02
5.018053410444326540e-02
5.074495920611698380e-02
5.059455164978859942e-02
4.955063964948264177e-02
5.070852423751708721e-02
5.123659764518954940e-02
5.035967000529207455e-02
4.793449671681194318e-02
4.918582984506567057e-02
4.952346386590213839e-02
4.915007932332229879e-02
4.751918852779450642e-02
4.725239893922968115e-02
4.697858065024169971e-02
4.899612366489410759e-02
4.899698731424964593e-02
5.071671355329962494e-02
4.786114999555621252e-02
4.965497111923493356e-02
4.873763376796720614e-02
4.874630896788380990e-02
4.750461256431212642e-02
4.506772205263710057e-02
4.665940961999354847e-02
4.600263863002986703e-02
4.764117453861243384e-02
4.700494758716538407e-02
4.777113075359287753e-02
4.551620251976178089e-02
4.746096939785642704e-02
4.901030800182779729e-02
4.736541120873451888e-02
4.686850276531868975e-02
4.605977054932457182e-02
4.507710103438041654e-02
4.633492617725910867e-02
4.666411344418658347e-02
4.555392326581943208e-02
4.653572056001707702e-02
4.596364900970680012e-02
4.691546384623575261e-02
4.689334652857588687e-02
4.720538093673109364e-02
4.754272132091512393e-02
4.782286202994436713e-02
4.634510998985233443e-02
4.601195562809741457e-02
4.497861587105635855e-02
4.446906831653171799e-02
4.525727388963715625e-02
4.729263493035544552e-02
