1.666666666666664631e-01
1.651295341811876705e-01
1.629811044433735756e-01
1.594607500998575789e-01
1.555703906039450080e-01
1.520535387769814117e-01
1.481116052865411314e-01
1.433196084907681356e-01
1.388143110963392379e-01
1.347799188475029275e-01
1.314854187256649098e-01
1.279827755227914976e-01
1.247010237059735099e-01
1.217750225733980202e-01
1.188508233362792627e-01
1.161132756792671999e-01
1.133074819087725726e-01
1.102729929188606545e-01
1.078785106043625014e-01
1.062457314051546559e-01
1.044087675390181907e-01
1.027269827270355929e-01
1.010938453089653966e-01
9.983004537269100920e-02
9.885749490628220615e-02
9.752075162493178961e-02
9.626750171155648572e-02
9.478518443921006564e-02
9.362721754658416551e-02
9.283768887874482845e-02
9.249275447251596727e-02
9.191287661280257704e-02
9.160167809518060533e-02
9.082854958240346721e-02
8.957016268237957823e-02
8.925730697158794358e-02
8.819104989633841374e-02
8.770900828858207987e-02
8.679622572645789846e-02
8.604664649338295002e-02
8.540043695388700729e-02
8.465411269748765455e-02
8.438248348767875273e-02
8.373202804326899951e-02
8.276982011006735196e-02
8.208682173006004446e-02
8.163928607397298587e-02
8.096859757258177692e-02
8.016670661284422406e-02
7.984205331415271389e-02
7.947007088798717367e-02
7.927193491584631768e-02
7.812309726601968096e-02
7.752585835324456165e-02
7.726032232580189174e-02
7.696752514108133603e-02
7.745458928448545333e-02
7.762644020218140151e-02
7.706517562313711101e-02
7.587781406455461342e-02
7.590222999667570192e-02
7.491471482495069834e-02
7.464256399953607402e-02
7.450760703400494123e-02
7.482970422616798400e-02
7.449643504955624773e-02
7.469861743411673749e-02
7.462012679863144760e-02
7.464165806763005395e-02
7.384241677627495504e-02
7.308319166288931856e-02
7.323127030023511563e-02
7.367338920927796186e-02
7.286437775010048967e-02
7.195729437104522730e-02
7.214075920044540902e-02
7.231021091225624253e-02
7.264440486394092844e-02
7.296651825798770863e-02
7.280434357077343599e-02
7.138926479809669379e-02
7.087884424155019292e-02
7.075221026205753827e-02
6.979869680482826688e-02
7.013304076873273785e-02
7.002850841082021438e-02
6.959702987644628136e-02
6.975831561214825005e-02
6.969019627878818290e-02
7.037377526857600818e-02
7.126510094676181961e-02
7.063396984064458650e-02
7.035751668018946914e-02
7.020239896245746014e-02
6.986468973084387912e-02
7.049879572449126164e-02
6.968158932148724172e-02
7.023471459264286898e-02
6.983810567846672479e-02
6.937943874197896599e-02
6.930509225802763962e-02
6.983230037056532835e-02
7.078449721328501643e-02
7.029623715465228850e-02
6.948834256133187837e-02
6.944760792964922713e-02
6.816573544017237585e-02
6.804364056738240740e-02
6.754283227352232688e-02
6.660464422126122219e-02
6.731592579567449719e-02
6.799096554927369640e-02
6.821952085195692739e-02
6.779666315681620592e-02
6.735278125059017407e-02
6.728241851132596429e-02
6.756501814381243864e-02
6.701852273948767647e-02
6.682448535374040099e-02
6.655438619058204330e-02
6.584620484604016000e-02
6.597848883680228205e-02
6.468954570835400153e-02
6.445224336466824633e-02
6.462345035926489456e-02
6.499830612729373680e-02
6.443099580657866976e-02
6.501611276257528160e-02
6.545719126745518091e-02
6.564065734036012012e-02
6.654750994704794476e-02
6.724744139111248076e-02
6.716181984589605913e-02
6.719906439703816903e-02
6.713415992126818554e-02
6.694297076487808196e-02
6.734640271541403322e-02
6.737026087498097782e-02
6.708172904460991959e-02
6.603797641411031372e-02
6.657735335010117605e-02
6.703491173730767583e-02
6.824987623035232154e-02
6.694750492863348057e-02
6.631814204608604824e-02
6.617261425152276555e-02
6.471775070447344236e-02
6.351615863108341087e-02
6.325800231762690462e-02
6.242753604458686767e-02
6.307059155397162775e-02
6.377145871061191962e-02
6.328815376944431359e-02
6.272732506666463259e-02
6.300782943089053290e-02
6.438822176692167443e-02
6.451795772436394460e-02
6.404917697393240628e-02
6.292787669309461707e-02
6.238435775681552831e-02
6.218802344208826383e-02
6.200420006944945550e-02
6.301629816009281237e-02
6.431264562919365713e-02
6.504169177923549428e-02
6.460180668963509676e-02
6.460076533240241559e-02
6.478281442350113106e-02
6.471756791098613737e-02
6.535124772021665140e-02
6.508140849270438455e-02
6.508635118419010823e-02
6.494135572549822322e-02
6.612431584824213227e-02
6.479867039927683647e-02
6.333468293614148703e-02
6.228274794706804840e-02
6.223233398069310390e-02
6.200210925726522965e-02
6.227107611087070310e-02
6.143806450560743149e-02
6.054845409666258227e-02
6.016445209168280045e-02
5.971823159292667660e-02
5.911562520381721808e-02
5.886395798210242863e-02
5.917507156945298052e-02
6.067863484090227355e-02
6.230911801804002448e-02
6.347878086608459147e-02
6.274310095341380233e-02
6.197055651378031299e-02
6.247318306895639772e-02
6.170534023983423322e-02
6.116379249524830225e-02
6.049192686883910625e-02
5.986585538415458568e-02
5.974449802983500951e-02
6.006171577158041230e-02
5.967660518496158140e-02
