1.566210795805743627e-01
1.477689968086911276e-01
1.383038013764291418e-01
1.306413903843635094e-01
1.236584288082791250e-01
1.172062917051483327e-01
1.128366603238240840e-01
1.073706615362249178e-01
1.024428385901107741e-01
9.840145639307294745e-02
9.597650440151726803e-02
9.286580950355725894e-02
9.022313024095543477e-02
8.728249496780561556e-02
8.475328971762385866e-02
8.308571367984336764e-02
8.004509354949645994e-02
7.786857019200750518e-02
7.555149638270465540e-02
7.393683252264848793e-02
7.220119773256622464e-02
7.070600274415772546e-02
6.863466936594067591e-02
6.721786566362483728e-02
6.607296466668405310e-02
6.425465970416437134e-02
6.296198997147491039e-02
6.158473157914831630e-02
6.025634951747889378e-02
5.947432205293729651e-02
5.845585553110877602e-02
5.721484738597926861e-02
5.612000198121235017e-02
5.531630846406277585e-02
5.462883311122691127e-02
5.373875814044119098e-02
5.204867254524601222e-02
5.117939176624521080e-02
5.062286704304946872e-02
4.959605647500502784e-02
4.892475821015454529e-02
4.775635071418483230e-02
4.740903955251694890e-02
4.724447995559177133e-02
4.642634308431961565e-02
4.583356582449579775e-02
4.598056616752349557e-02
4.482125875815367450e-02
4.381685800951910792e-02
4.458262367736803844e-02
4.345645837103002951e-02
4.246394264364949239e-02
4.175226643652152347e-02
4.151379687569461963e-02
4.167564215365508057e-02
4.057046984806800261e-02
4.098607633226009073e-02
4.078109750279833301e-02
3.934003721705913587e-02
3.868597861529015497e-02
3.943848280282533786e-02
3.984825352661883896e-02
3.955781092095886353e-02
3.955985420068001274e-02
3.804249111271205269e-02
3.834668379091071833e-02
3.864285648586701649e-02
3.872748467660051819e-02
3.769873847144209617e-02
3.627063594593245288e-02
3.702235063885984251e-02
3.757393485543052136e-02
3.863497942092383730e-02
3.768261625952760291e-02
3.613061401933112537e-02
3.578644862186492609e-02
3.544326732303077626e-02
3.486006725598965461e-02
3.465087194437786039e-02
3.456806445122007770e-02
3.464396935600285582e-02
3.500047198383954283e-02
3.453955217321064836e-02
3.530738786742274038e-02
3.559965732360975688e-02
3.360014900700916685e-02
3.489797940110760804e-02
3.448947649667925136e-02
3.377234415909522586e-02
3.390041824656429836e-02
3.318204213009810083e-02
3.313663782566513699e-02
3.361531528808784502e-02
3.308965855136215134e-02
3.228394654789868562e-02
3.203998059215289879e-02
3.091114853389614198e-02
3.040835977290109668e-02
2.942323771350978737e-02
3.001795855871893653e-02
3.035701834827026976e-02
3.051518861462127266e-02
2.994441420639575371e-02
2.998745350700100440e-02
3.084333652241788570e-02
3.039520901991820193e-02
3.183783458030191305e-02
3.106410564415291661e-02
3.149914265587387685e-02
3.246924805127882757e-02
3.046840450658624272e-02
2.858443906776491836e-02
2.966089494597711276e-02
2.925306500657375020e-02
3.019860329912400429e-02
3.123686452922523268e-02
2.966912278988098270e-02
3.070065416408130840e-02
2.979244714786542098e-02
2.912372836834531062e-02
2.797329363068534400e-02
2.838388569622661908e-02
2.867582469629548214e-02
2.928423759439400392e-02
2.878997591103173506e-02
2.867106957673508372e-02
2.978844810466047682e-02
2.913381003697138386e-02
2.952431396286342782e-02
2.926179068411795259e-02
3.009100393665535902e-02
2.978244632214438817e-02
3.039878700060615058e-02
2.977899463328865029e-02
2.618093513130297437e-02
2.641261833833616346e-02
2.577200116320978174e-02
2.698190831754427796e-02
2.725708171839824959e-02
2.641892788628082134e-02
2.878849698329334281e-02
2.831661828252922397e-02
2.772679484564157318e-02
2.853711490140434584e-02
2.869036501448439871e-02
2.870863869765578544e-02
2.649203233983311867e-02
2.507730850348430934e-02
2.536492711512820797e-02
2.763298170158538097e-02
2.852901997608825804e-02
2.837620127454378721e-02
2.856876713342217794e-02
2.767079497016896802e-02
2.706169320091475136e-02
2.646294465608035537e-02
2.642880100991780445e-02
2.668548472331408461e-02
2.560762392233181112e-02
2.499684650769503497e-02
2.666320246295035210e-02
2.779185657249725466e-02
2.782676242376834128e-02
2.712254406399819406e-02
2.761438276449882170e-02
2.598486989522614393e-02
2.660304393423455760e-02
2.596185215489588485e-02
2.685700445108319886e-02
2.770638427366977838e-02
2.810224227304906897e-02
2.780597958838412417e-02
2.869173009210566894e-02
2.809312371680788151e-02
2.733838843026279927e-02
2.842476187890306122e-02
2.783115664775447431e-02
2.819415855646719565e-02
2.831778090372863432e-02
2.911668904970941135e-02
2.981087116409510823e-02
2.957437368485940632e-02
2.985341519095510016e-02
2.811751063184793342e-02
2.909226648630762815e-02
2.863915908438245672e-02
2.750723253800755469e-02
2.811563718918134308e-02
2.748248226610769049e-02
2.701594864947057598e-02
2.786042177450539711e-02
2.816330956635323263e-02
2.754189211537497531e-02
2.724159102488101294e-02
2.666636258336139986e-02
2.767445519658022490e-02
2.745836859639508645e-02
2.909254879640207903e-02
2.834211220817176372e-02
2.828107006828087938e-02
